chr	pos	ref_base	depth,A,C,G,T,N,Skip,Gap,Insert,Delete,,a,c,g,t,n,skip,gap,insert,delete
Fluc_spike	1	G	16,0,0,16,0,0,0,0,0,0,0,0,0,0,0,0,0,0,0
Fluc_spike	2	G	17,0,0,17,0,0,0,0,0,0,0,0,0,0,0,0,0,0,0
Fluc_spike	3	G	20,0,0,20,0,0,0,0,0,0,0,0,0,0,0,0,0,0,0
Fluc_spike	4	A	21,21,0,0,0,0,0,0,0,0,0,0,0,0,0,0,0,0,0
Fluc_spike	5	A	21,21,0,0,0,0,0,0,0,0,0,0,0,0,0,0,0,0,0
Fluc_spike	6	C	21,0,21,0,0,0,0,0,0,0,0,0,0,0,0,0,0,0,0
Fluc_spike	7	C	21,0,20,1,0,0,0,0,0,0,0,0,0,0,0,0,0,0,0
Fluc_spike	8	A	21,21,0,0,0,0,0,0,0,0,0,0,0,0,0,0,0,0,0
Fluc_spike	9	G	21,0,0,20,1,0,0,0,0,0,0,0,0,0,0,0,0,0,0
Fluc_spike	10	C	21,0,21,0,0,0,0,0,0,0,0,0,0,0,0,0,0,0,0
Fluc_spike	11	C	21,0,21,0,0,0,0,0,0,0,0,0,0,0,0,0,0,0,0
Fluc_spike	12	G	21,0,0,21,0,0,0,0,0,0,0,0,0,0,0,0,0,0,0
Fluc_spike	13	G	21,0,0,21,0,0,0,0,0,0,0,0,0,0,0,0,0,0,0
Fluc_spike	14	C	21,0,21,0,0,0,0,0,0,0,0,0,0,0,0,0,0,0,0
Fluc_spike	15	G	21,0,0,21,0,0,0,0,0,0,0,0,0,0,0,0,0,0,0
Fluc_spike	16	C	21,0,21,0,0,0,0,0,0,0,0,0,0,0,0,0,0,0,0
Fluc_spike	17	C	21,0,21,0,0,0,0,0,0,0,0,0,0,0,0,0,0,0,0
Fluc_spike	18	A	21,21,0,0,0,0,0,0,0,0,0,0,0,0,0,0,0,0,0
Fluc_spike	19	T	21,0,0,0,21,0,0,0,0,0,0,0,0,0,0,0,0,0,0
Fluc_spike	20	T	21,0,0,0,21,0,0,0,0,0,0,0,0,0,0,0,0,0,0
Fluc_spike	21	C	21,0,21,0,0,0,0,0,0,0,0,0,0,0,0,0,0,0,0
Fluc_spike	22	T	21,0,0,0,21,0,0,0,0,0,0,0,0,0,0,0,0,0,0
Fluc_spike	23	A	21,21,0,0,0,0,0,0,0,0,0,0,0,0,0,0,0,0,0
Fluc_spike	24	T	21,0,0,0,21,0,0,0,0,0,0,0,0,0,0,0,0,0,0
Fluc_spike	25	C	21,0,21,0,0,0,0,0,0,0,0,0,0,0,0,0,0,0,0
Fluc_spike	26	C	21,0,21,0,0,0,0,0,0,0,0,0,0,0,0,0,0,0,0
Fluc_spike	27	T	21,0,0,0,21,0,0,0,0,0,0,0,0,0,0,0,0,0,0
Fluc_spike	28	C	21,0,21,0,0,0,0,0,0,0,0,0,0,0,0,0,0,0,0
Fluc_spike	29	T	21,0,0,0,21,0,0,0,0,0,0,0,0,0,0,0,0,0,0
Fluc_spike	30	A	21,21,0,0,0,0,0,0,0,0,0,0,0,0,0,0,0,0,0
Fluc_spike	31	G	21,0,0,21,0,0,0,0,0,0,0,0,0,0,0,0,0,0,0
Fluc_spike	32	A	21,21,0,0,0,0,0,0,0,0,0,0,0,0,0,0,0,0,0
Fluc_spike	33	G	21,0,0,21,0,0,0,0,0,0,0,0,0,0,0,0,0,0,0
Fluc_spike	34	G	21,0,0,21,0,0,0,0,0,0,0,0,0,0,0,0,0,0,0
Fluc_spike	35	A	21,21,0,0,0,0,0,0,0,0,0,0,0,0,0,0,0,0,0
Fluc_spike	36	T	21,0,0,0,21,0,0,0,0,0,0,0,0,0,0,0,0,0,0
Fluc_spike	37	G	21,0,0,21,0,0,0,0,0,0,0,0,0,0,0,0,0,0,0
Fluc_spike	38	G	21,0,0,21,0,0,0,0,0,0,0,0,0,0,0,0,0,0,0
Fluc_spike	39	A	21,21,0,0,0,0,0,0,0,0,0,0,0,0,0,0,0,0,0
Fluc_spike	40	A	21,21,0,0,0,0,0,0,0,0,0,0,0,0,0,0,0,0,0
Fluc_spike	41	C	21,0,21,0,0,0,0,0,0,0,0,0,0,0,0,0,0,0,0
Fluc_spike	42	C	21,0,21,0,0,0,0,0,0,0,0,0,0,0,0,0,0,0,0
Fluc_spike	43	G	21,0,0,21,0,0,0,0,0,0,0,0,0,0,0,0,0,0,0
Fluc_spike	44	C	21,0,21,0,0,0,0,0,0,0,0,0,0,0,0,0,0,0,0
Fluc_spike	45	T	21,0,0,0,21,0,0,0,0,0,0,0,0,0,0,0,0,0,0
Fluc_spike	46	G	21,0,0,20,1,0,0,0,0,0,0,0,0,0,0,0,0,0,0
Fluc_spike	47	G	21,0,0,21,0,0,0,0,0,0,0,0,0,0,0,0,0,0,0
Fluc_spike	48	A	21,21,0,0,0,0,0,0,0,0,0,0,0,0,0,0,0,0,0
Fluc_spike	49	G	21,0,0,21,0,0,0,0,0,0,0,0,0,0,0,0,0,0,0
Fluc_spike	50	A	21,21,0,0,0,0,0,0,0,0,0,0,0,0,0,0,0,0,0
Fluc_spike	51	G	21,0,0,21,0,0,0,0,0,0,0,0,0,0,0,0,0,0,0
Fluc_spike	52	C	21,0,21,0,0,0,0,0,0,0,0,0,0,0,0,0,0,0,0
Fluc_spike	53	A	21,21,0,0,0,0,0,0,0,0,0,0,0,0,0,0,0,0,0
Fluc_spike	54	A	21,21,0,0,0,0,0,0,0,0,0,0,0,0,0,0,0,0,0
Fluc_spike	55	C	21,0,21,0,0,0,0,0,0,0,0,0,0,0,0,0,0,0,0
Fluc_spike	56	T	21,0,0,0,21,0,0,0,0,0,0,0,0,0,0,0,0,0,0
Fluc_spike	57	G	21,0,0,21,0,0,0,0,0,0,0,0,0,0,0,0,0,0,0
Fluc_spike	58	C	21,0,21,0,0,0,0,0,0,0,0,0,0,0,0,0,0,0,0
Fluc_spike	59	A	21,21,0,0,0,0,0,0,0,0,0,0,0,0,0,0,0,0,0
Fluc_spike	60	T	21,0,0,0,21,0,0,0,0,0,0,0,0,0,0,0,0,0,0
Fluc_spike	61	A	21,21,0,0,0,0,0,0,0,0,0,0,0,0,0,0,0,0,0
Fluc_spike	62	A	21,21,0,0,0,0,0,0,0,0,0,0,0,0,0,0,0,0,0
Fluc_spike	63	G	21,0,0,21,0,0,0,0,0,0,0,0,0,0,0,0,0,0,0
Fluc_spike	64	G	21,0,0,21,0,0,0,0,0,0,0,0,0,0,0,0,0,0,0
Fluc_spike	65	C	21,0,21,0,0,0,0,0,0,0,0,0,0,0,0,0,0,0,0
Fluc_spike	66	T	21,0,0,0,21,0,0,0,0,0,0,0,0,0,0,0,0,0,0
Fluc_spike	67	A	21,21,0,0,0,0,0,0,0,0,0,0,0,0,0,0,0,0,0
Fluc_spike	68	T	21,0,0,0,21,0,0,0,0,0,0,0,0,0,0,0,0,0,0
Fluc_spike	69	G	21,0,0,21,0,0,0,0,0,0,0,0,0,0,0,0,0,0,0
Fluc_spike	70	A	21,21,0,0,0,0,0,0,0,0,0,0,0,0,0,0,0,0,0
Fluc_spike	71	A	21,21,0,0,0,0,0,0,0,0,0,0,0,0,0,0,0,0,0
Fluc_spike	72	G	21,0,0,21,0,0,0,0,0,0,0,0,0,0,0,0,0,0,0
Fluc_spike	73	A	21,21,0,0,0,0,0,0,0,0,0,0,0,0,0,0,0,0,0
Fluc_spike	74	G	21,0,0,21,0,0,0,0,0,0,0,0,0,0,0,0,0,0,0
Fluc_spike	75	A	21,21,0,0,0,0,0,0,0,0,0,0,0,0,0,0,0,0,0
Fluc_spike	76	T	21,0,0,0,21,0,0,0,0,0,0,0,0,0,0,0,0,0,0
Fluc_spike	77	A	21,21,0,0,0,0,0,0,0,0,0,0,0,0,0,0,0,0,0
Fluc_spike	78	C	21,0,21,0,0,0,0,0,0,0,0,0,0,0,0,0,0,0,0
Fluc_spike	79	G	21,0,0,21,0,0,0,0,0,0,0,0,0,0,0,0,0,0,0
Fluc_spike	80	C	21,0,21,0,0,0,0,0,0,0,0,0,0,0,0,0,0,0,0
Fluc_spike	81	C	21,0,21,0,0,0,0,0,0,0,0,0,0,0,0,0,0,0,0
Fluc_spike	82	C	20,0,20,0,0,0,0,0,0,0,0,0,0,0,0,0,0,0,0
Fluc_spike	83	T	20,0,0,0,20,0,0,0,0,0,0,0,0,0,0,0,0,0,0
Fluc_spike	84	G	20,0,0,20,0,0,0,0,0,0,0,0,0,0,0,0,0,0,0
Fluc_spike	85	G	20,0,0,20,0,0,0,0,0,0,0,0,0,0,0,0,0,0,0
Fluc_spike	86	T	20,0,0,0,20,0,0,0,0,0,0,0,0,0,0,0,0,0,0
Fluc_spike	87	T	4,0,0,0,4,0,0,0,0,0,0,0,0,0,0,0,0,0,0
Fluc_spike	88	C	3,0,3,0,0,0,0,0,0,0,0,0,0,0,0,0,0,0,0
glyco_Fluc_spike	1	G	8067,0,0,8067,0,0,0,0,0,0,0,0,0,0,0,0,0,0,0
glyco_Fluc_spike	2	A	8916,8916,0,0,0,0,0,0,0,0,0,0,0,0,0,0,0,0,0
glyco_Fluc_spike	3	A	9131,9131,0,0,0,0,0,0,0,0,0,0,0,0,0,0,0,0,0
glyco_Fluc_spike	4	C	9900,0,9900,0,0,0,0,0,1,0,0,0,0,0,0,0,0,0,0
glyco_Fluc_spike	5	G	17583,3,4,17570,6,0,0,0,0,12,0,0,0,0,0,0,0,0,0
glyco_Fluc_spike	6	A	18235,18213,8,1,1,0,0,12,1,7,0,0,0,0,0,0,0,0,0
glyco_Fluc_spike	7	G	18400,5,0,18386,2,0,0,7,5,0,0,0,0,0,0,0,0,0,0
glyco_Fluc_spike	8	C	18510,1,18499,2,8,0,0,0,0,2,0,0,0,0,0,0,0,0,0
glyco_Fluc_spike	9	C	19401,6,19364,0,29,0,0,2,4,18,0,0,0,0,0,0,0,0,0
glyco_Fluc_spike	10	G	19580,17,6,19549,6,0,0,2,0,5,0,0,0,0,0,0,0,0,0
glyco_Fluc_spike	11	G	19629,25,3,19596,3,0,0,2,3,10,0,0,0,0,0,0,0,0,0
glyco_Fluc_spike	12	C	19728,4,19685,2,25,0,0,12,24,9,0,0,0,0,0,0,0,0,0
glyco_Fluc_spike	13	G	19678,18,6,19632,11,0,0,11,8,28,0,0,0,0,0,0,0,0,0
glyco_Fluc_spike	14	C	19741,2,19698,2,37,0,0,2,0,0,0,0,0,0,0,0,0,0,0
glyco_Fluc_spike	15	C	19910,2,19883,0,25,0,0,0,1,10,0,0,0,0,0,0,0,0,0
glyco_Fluc_spike	16	A	19933,19906,2,7,7,0,0,11,5,19,0,0,0,0,0,0,0,0,0
glyco_Fluc_spike	17	T	19982,0,13,0,19967,0,0,2,0,1,0,0,0,0,0,0,0,0,0
glyco_Fluc_spike	18	T	19991,0,12,0,19978,0,0,1,0,0,0,0,0,0,0,0,0,0,0
glyco_Fluc_spike	19	C	20037,7,20025,0,5,0,0,0,0,4,0,0,0,0,0,0,0,0,0
glyco_Fluc_spike	20	T	20031,0,6,0,20022,0,0,3,2,1,0,0,0,0,0,0,0,0,0
glyco_Fluc_spike	21	A	19925,19907,0,10,7,0,0,1,1,3,0,0,0,0,0,0,0,0,0
glyco_Fluc_spike	22	T	20054,0,10,0,20041,0,0,3,1,2,0,0,0,0,0,0,0,0,0
glyco_Fluc_spike	23	C	20046,0,20032,0,14,0,0,0,0,78,0,0,0,0,0,0,0,0,0
glyco_Fluc_spike	24	C	19980,2,19972,1,5,0,0,0,1,4,0,0,0,0,0,0,0,0,0
glyco_Fluc_spike	25	T	19975,0,12,2,19957,0,0,4,4,4,0,0,0,0,0,0,0,0,0
glyco_Fluc_spike	26	C	19908,3,19880,0,21,0,0,4,1,7,0,0,0,0,0,0,0,0,0
glyco_Fluc_spike	27	T	20018,0,6,0,20005,0,0,7,0,18,0,0,0,0,0,0,0,0,0
glyco_Fluc_spike	28	A	21270,21237,4,0,12,0,0,17,8,5,0,0,0,0,0,0,0,0,0
glyco_Fluc_spike	29	G	21321,7,14,21285,10,0,0,5,0,4,0,0,0,0,0,0,0,0,0
glyco_Fluc_spike	30	A	21279,21265,0,7,3,0,0,4,3,7,0,0,0,0,0,0,0,0,0
glyco_Fluc_spike	31	G	21335,34,1,21289,11,0,0,0,0,0,0,0,0,0,0,0,0,0,0
glyco_Fluc_spike	32	G	21326,9,3,21309,5,0,0,0,0,4,0,0,0,0,0,0,0,0,0
glyco_Fluc_spike	33	A	21312,21297,1,7,3,0,0,4,0,1,0,0,0,0,0,0,0,0,0
glyco_Fluc_spike	34	T	21421,2,5,1,21412,0,0,1,10,5,0,0,0,0,0,0,0,0,0
glyco_Fluc_spike	35	G	21335,47,3,21276,9,0,0,0,0,0,0,0,0,0,0,0,0,0,0
glyco_Fluc_spike	36	G	21323,12,5,21299,7,0,0,0,14,14,0,0,0,0,0,0,0,0,0
glyco_Fluc_spike	37	A	21299,21286,2,7,4,0,0,0,0,0,0,0,0,0,0,0,0,0,0
glyco_Fluc_spike	38	A	21299,21284,0,5,10,0,0,0,16,11,0,0,0,0,0,0,0,0,0
glyco_Fluc_spike	39	C	21424,4,21383,0,37,0,0,0,0,4,0,0,0,0,0,0,0,0,0
glyco_Fluc_spike	40	C	21393,2,21361,1,29,0,0,0,4,3,0,0,0,0,0,0,0,0,0
glyco_Fluc_spike	41	G	21336,96,7,21223,7,0,0,3,0,0,0,0,0,0,0,0,0,0,0
glyco_Fluc_spike	42	C	21385,4,21373,0,8,0,0,0,0,1,0,0,0,0,0,0,0,0,0
glyco_Fluc_spike	43	T	21390,0,7,1,21381,0,0,1,10,3,0,0,0,0,0,0,0,0,0
glyco_Fluc_spike	44	G	21311,78,1,21230,2,0,0,0,0,0,0,0,0,0,0,0,0,0,0
glyco_Fluc_spike	45	G	21283,80,2,21196,5,0,0,0,0,0,0,0,0,0,0,0,0,0,0
glyco_Fluc_spike	46	C	21418,1,21410,1,6,0,0,0,0,3,0,0,0,0,0,0,0,0,0
glyco_Fluc_spike	47	T	21315,0,1,0,21311,0,0,3,0,0,0,0,0,0,0,0,0,0,0
glyco_Fluc_spike	48	G	21068,2,0,21066,0,0,0,0,0,0,0,0,0,0,0,0,0,0,0
glyco_Fluc_spike	49	G	20013,0,0,20013,0,0,0,0,0,0,0,0,0,0,0,0,0,0,0
glyco_Fluc_spike	50	T	964,0,0,0,964,0,0,0,0,0,0,0,0,0,0,0,0,0,0
glyco_Fluc_spike	51	T	832,0,0,0,832,0,0,0,0,0,0,0,0,0,0,0,0,0,0
