chr	pos	ref_base	depth,A,C,G,T,N,Skip,Gap,Insert,Delete,,a,c,g,t,n,skip,gap,insert,delete
Fluc_spike	1	G	2284395,0,0,2284395,0,0,0,0,0,0,0,0,0,0,0,0,0,0,0
Fluc_spike	2	G	2487360,0,0,2487360,0,0,0,0,0,0,0,0,0,0,0,0,0,0,0
Fluc_spike	3	G	2552029,0,0,2552029,0,0,0,0,0,0,0,0,0,0,0,0,0,0,0
Fluc_spike	4	A	2846269,2845925,250,87,7,0,0,0,0,0,0,0,0,0,0,0,0,0,0
Fluc_spike	5	A	2862124,2860718,580,683,143,0,0,0,131,4116,0,0,0,0,0,0,0,0,0
Fluc_spike	6	C	2884641,156,2883800,39,646,0,0,0,1,21,0,0,0,0,0,0,0,0,0
Fluc_spike	7	C	2885490,148,2884445,56,820,0,0,21,77,1729,0,0,0,0,0,0,0,0,0
Fluc_spike	8	A	2873282,2869632,1070,773,67,0,0,1740,52,757,0,0,0,0,0,0,0,0,0
Fluc_spike	9	G	2880680,1403,225,2876735,1533,0,0,784,1819,1021,0,0,0,0,0,0,0,0,0
Fluc_spike	10	C	2888100,371,2886428,86,1198,0,0,17,5,45,0,0,0,0,0,0,0,0,0
Fluc_spike	11	C	2881898,355,2880479,103,939,0,0,22,229,3421,0,0,0,0,0,0,0,0,0
Fluc_spike	12	G	2879646,1325,570,2874833,553,0,0,2365,12,220,0,0,0,0,0,0,0,0,0
Fluc_spike	13	G	2880907,862,324,2876779,581,0,0,2361,403,487,0,0,0,0,0,0,0,0,0
Fluc_spike	14	C	2892586,338,2889993,163,1650,0,0,442,263,866,0,0,0,0,0,0,0,0,0
Fluc_spike	15	G	2886998,1686,515,2882439,1483,0,0,875,190,3970,0,0,0,0,0,0,0,0,0
Fluc_spike	16	C	2895009,390,2893299,134,1046,0,0,140,5,107,0,0,0,0,0,0,0,0,0
Fluc_spike	17	C	2896266,329,2894438,99,1169,0,0,231,190,1189,0,0,0,0,0,0,0,0,0
Fluc_spike	18	A	2891984,2888922,603,730,391,0,0,1338,287,1440,0,0,0,0,0,0,0,0,0
Fluc_spike	19	T	2891560,99,990,36,2890262,0,0,173,8,90,0,0,0,0,0,0,0,0,0
Fluc_spike	20	T	2894777,120,1260,40,2893286,0,0,71,111,845,0,0,0,0,0,0,0,0,0
Fluc_spike	21	C	2897853,474,2895683,66,783,0,0,847,132,450,0,0,0,0,0,0,0,0,0
Fluc_spike	22	T	2896769,123,1192,48,2894973,0,0,433,283,107,0,0,0,0,0,0,0,0,0
Fluc_spike	23	A	2886480,2884799,565,752,256,0,0,108,118,27,0,0,0,0,0,0,0,0,0
Fluc_spike	24	T	2898390,169,915,18,2897260,0,0,28,8,96,0,0,0,0,0,0,0,0,0
Fluc_spike	25	C	2898258,193,2897389,49,619,0,0,8,0,275,0,0,0,0,0,0,0,0,0
Fluc_spike	26	C	2896420,543,2895212,83,581,0,0,1,1,40,0,0,0,0,0,0,0,0,0
Fluc_spike	27	T	2895308,132,1425,60,2893651,0,0,40,41,31,0,0,0,0,0,0,0,0,0
Fluc_spike	28	C	2874026,564,2872781,85,564,0,0,32,1,65,0,0,0,0,0,0,0,0,0
Fluc_spike	29	T	2894025,262,885,71,2892740,0,0,67,2,365,0,0,0,0,0,0,0,0,0
Fluc_spike	30	A	2884611,2882993,528,770,215,0,0,105,5,28,0,0,0,0,0,0,0,0,0
Fluc_spike	31	G	2886505,586,291,2884135,1465,0,0,28,48,56,0,0,0,0,0,0,0,0,0
Fluc_spike	32	A	2889120,2887945,165,874,84,0,0,52,4,109,0,0,0,0,0,0,0,0,0
Fluc_spike	33	G	2890651,649,44,2889280,660,0,0,18,0,10,0,0,0,0,0,0,0,0,0
Fluc_spike	34	G	2888840,777,31,2887511,498,0,0,23,14,33,0,0,0,0,0,0,0,0,0
Fluc_spike	35	A	2892161,2890977,223,741,180,0,0,40,3,13,0,0,0,0,0,0,0,0,0
Fluc_spike	36	T	2899847,224,851,103,2898652,0,0,17,16,76,0,0,0,0,0,0,0,0,0
Fluc_spike	37	G	2891635,2310,56,2888855,411,0,0,3,1,0,0,0,0,0,0,0,0,0,0
Fluc_spike	38	G	2891880,789,78,2890429,582,0,0,2,17,84,0,0,0,0,0,0,0,0,0
Fluc_spike	39	A	2892448,2890817,174,1344,112,0,0,1,0,1,0,0,0,0,0,0,0,0,0
Fluc_spike	40	A	2894066,2893077,153,762,73,0,0,1,213,65,0,0,0,0,0,0,0,0,0
Fluc_spike	41	C	2904771,340,2902828,58,1540,0,0,5,12,16,0,0,0,0,0,0,0,0,0
Fluc_spike	42	C	2904579,291,2902647,874,761,0,0,6,115,62,0,0,0,0,0,0,0,0,0
Fluc_spike	43	G	2887245,1431,117,2885040,589,0,0,68,0,15,0,0,0,0,0,0,0,0,0
Fluc_spike	44	C	2902738,224,2902156,32,305,0,0,21,0,26,0,0,0,0,0,0,0,0,0
Fluc_spike	45	T	2892686,139,1302,87,2891124,0,0,34,1,108,0,0,0,0,0,0,0,0,0
Fluc_spike	46	G	2884270,723,87,2882836,611,0,0,13,7,9,0,0,0,0,0,0,0,0,0
Fluc_spike	47	G	2885902,642,215,2883076,1961,0,0,8,1,32,0,0,0,0,0,0,0,0,0
Fluc_spike	48	A	2892841,2891435,95,1053,225,0,0,33,0,4,0,0,0,0,0,0,0,0,0
Fluc_spike	49	G	2881961,569,177,2879775,1432,0,0,8,2,30,0,0,0,0,0,0,0,0,0
Fluc_spike	50	A	2888066,2886386,416,1098,135,0,0,31,1,26,0,0,0,0,0,0,0,0,0
Fluc_spike	51	G	2880536,659,132,2878780,940,0,0,25,88,40,0,0,0,0,0,0,0,0,0
Fluc_spike	52	C	2901728,329,2900193,73,1106,0,0,27,32,318,0,0,0,0,0,0,0,0,0
Fluc_spike	53	A	2896332,2894943,147,1046,179,0,0,17,0,5,0,0,0,0,0,0,0,0,0
Fluc_spike	54	A	2891516,2890421,133,784,156,0,0,22,1,14,0,0,0,0,0,0,0,0,0
Fluc_spike	55	C	2901803,411,2900650,73,647,0,0,22,0,29,0,0,0,0,0,0,0,0,0
Fluc_spike	56	T	2896366,224,1333,124,2894656,0,0,29,1,30,0,0,0,0,0,0,0,0,0
Fluc_spike	57	G	2889043,1316,279,2886750,662,0,0,36,2,4,0,0,0,0,0,0,0,0,0
Fluc_spike	58	C	2902651,400,2901512,73,659,0,0,7,2,90,0,0,0,0,0,0,0,0,0
Fluc_spike	59	A	2894005,2892657,237,878,170,0,0,63,12,42,0,0,0,0,0,0,0,0,0
Fluc_spike	60	T	2899972,271,773,27,2898860,0,0,41,21,284,0,0,0,0,0,0,0,0,0
Fluc_spike	61	A	2894828,2893742,92,914,71,0,0,9,1,1,0,0,0,0,0,0,0,0,0
Fluc_spike	62	A	2899119,2897932,142,830,205,0,0,10,62,71,0,0,0,0,0,0,0,0,0
Fluc_spike	63	G	2899510,554,65,2898069,821,0,0,1,0,2,0,0,0,0,0,0,0,0,0
Fluc_spike	64	G	2895108,822,128,2893483,673,0,0,2,0,31,0,0,0,0,0,0,0,0,0
Fluc_spike	65	C	2907829,387,2906700,112,596,0,0,34,2,54,0,0,0,0,0,0,0,0,0
Fluc_spike	66	T	2899359,119,1036,72,2898110,0,0,22,1,36,0,0,0,0,0,0,0,0,0
Fluc_spike	67	A	2892927,2891729,302,691,175,0,0,30,0,19,0,0,0,0,0,0,0,0,0
Fluc_spike	68	T	2902927,214,939,50,2901701,0,0,23,2,50,0,0,0,0,0,0,0,0,0
Fluc_spike	69	G	2894869,988,112,2893023,689,0,0,57,15,153,0,0,0,0,0,0,0,0,0
Fluc_spike	70	A	2901383,2899868,155,1179,177,0,0,4,4,215,0,0,0,0,0,0,0,0,0
Fluc_spike	71	A	2900419,2898929,212,983,293,0,0,2,0,61,0,0,0,0,0,0,0,0,0
Fluc_spike	72	G	2896551,846,68,2894753,824,0,0,60,51,31,0,0,0,0,0,0,0,0,0
Fluc_spike	73	A	2895994,2894691,100,974,199,0,0,30,1,44,0,0,0,0,0,0,0,0,0
Fluc_spike	74	G	2899037,747,169,2897144,936,0,0,41,24,45,0,0,0,0,0,0,0,0,0
Fluc_spike	75	A	2885456,2884254,99,923,156,0,0,24,26,42,0,0,0,0,0,0,0,0,0
Fluc_spike	76	T	2903674,244,769,26,2902591,0,0,44,30,130,0,0,0,0,0,0,0,0,0
Fluc_spike	77	A	2895065,2893738,265,787,145,0,0,130,31,21,0,0,0,0,0,0,0,0,0
Fluc_spike	78	C	2897709,748,2895369,133,1368,0,0,91,6,69,0,0,0,0,0,0,0,0,0
Fluc_spike	79	G	2892792,991,426,2890606,700,0,0,69,16,259,0,0,0,0,0,0,0,0,0
Fluc_spike	80	C	2898045,308,2897197,60,480,0,0,0,1,0,0,0,0,0,0,0,0,0,0
Fluc_spike	81	C	2899785,434,2898519,56,776,0,0,0,1,1,0,0,0,0,0,0,0,0,0
Fluc_spike	82	C	2897685,875,2896143,87,579,0,0,1,6,33,0,0,0,0,0,0,0,0,0
Fluc_spike	83	T	2898436,147,832,92,2897331,0,0,34,2,33,0,0,0,0,0,0,0,0,0
Fluc_spike	84	G	2878540,248,13,2878220,59,0,0,0,0,0,0,0,0,0,0,0,0,0,0
Fluc_spike	85	G	2877658,77,43,2877498,40,0,0,0,0,0,0,0,0,0,0,0,0,0,0
Fluc_spike	86	T	2640480,15,53,3,2640409,0,0,0,0,0,0,0,0,0,0,0,0,0,0
Fluc_spike	87	T	385603,0,4,1,385598,0,0,0,0,0,0,0,0,0,0,0,0,0,0
Fluc_spike	88	C	161659,0,161659,0,0,0,0,0,0,0,0,0,0,0,0,0,0,0,0
Fluc_spike	89	C	90053,0,90053,0,0,0,0,0,0,0,0,0,0,0,0,0,0,0,0
glyco_Fluc_spike	1	G	47061,0,0,47061,0,0,0,0,0,0,0,0,0,0,0,0,0,0,0
glyco_Fluc_spike	2	A	60156,60156,0,0,0,0,0,0,0,0,0,0,0,0,0,0,0,0,0
glyco_Fluc_spike	3	A	60989,60989,0,0,0,0,0,0,0,0,0,0,0,0,0,0,0,0,0
glyco_Fluc_spike	4	C	61708,0,61708,0,0,0,0,0,10,0,0,0,0,0,0,0,0,0,0
glyco_Fluc_spike	5	G	67723,18,1,67663,41,0,0,0,0,68,0,0,0,0,0,0,0,0,0
glyco_Fluc_spike	6	A	68900,68791,28,11,2,0,0,68,8,60,0,0,0,0,0,0,0,0,0
glyco_Fluc_spike	7	G	69596,73,5,69437,19,0,0,62,10,31,0,0,0,0,0,0,0,0,0
glyco_Fluc_spike	8	C	69878,3,69776,2,95,0,0,2,0,10,0,0,0,0,0,0,0,0,0
glyco_Fluc_spike	9	C	76297,7,76147,4,135,0,0,4,14,104,0,0,0,0,0,0,0,0,0
glyco_Fluc_spike	10	G	77992,63,17,77857,42,0,0,13,0,18,0,0,0,0,0,0,0,0,0
glyco_Fluc_spike	11	G	78319,96,22,78173,18,0,0,10,6,61,0,0,0,0,0,0,0,0,0
glyco_Fluc_spike	12	C	78850,4,78699,3,86,0,0,58,110,117,0,0,0,0,0,0,0,0,0
glyco_Fluc_spike	13	G	78807,114,42,78460,75,0,0,116,49,159,0,0,0,0,0,0,0,0,0
glyco_Fluc_spike	14	C	79163,6,79020,8,125,0,0,4,2,6,0,0,0,0,0,0,0,0,0
glyco_Fluc_spike	15	C	80568,11,80408,4,138,0,0,7,12,55,0,0,0,0,0,0,0,0,0
glyco_Fluc_spike	16	A	81394,81215,4,31,85,0,0,59,14,95,0,0,0,0,0,0,0,0,0
glyco_Fluc_spike	17	T	81717,1,34,7,81665,0,0,10,0,4,0,0,0,0,0,0,0,0,0
glyco_Fluc_spike	18	T	81775,2,29,2,81740,0,0,2,2,8,0,0,0,0,0,0,0,0,0
glyco_Fluc_spike	19	C	82047,18,81994,2,25,0,0,8,1,42,0,0,0,0,0,0,0,0,0
glyco_Fluc_spike	20	T	82021,5,38,7,81936,0,0,35,2,21,0,0,0,0,0,0,0,0,0
glyco_Fluc_spike	21	A	81802,81690,28,23,39,0,0,22,1,11,0,0,0,0,0,0,0,0,0
glyco_Fluc_spike	22	T	82378,4,39,1,82328,0,0,6,4,28,0,0,0,0,0,0,0,0,0
glyco_Fluc_spike	23	C	82358,4,82285,1,65,0,0,3,1,628,0,0,0,0,0,0,0,0,0
glyco_Fluc_spike	24	C	81801,3,81752,4,38,0,0,4,6,42,0,0,0,0,0,0,0,0,0
glyco_Fluc_spike	25	T	81809,2,74,1,81689,0,0,43,32,22,0,0,0,0,0,0,0,0,0
glyco_Fluc_spike	26	C	81566,3,81449,0,91,0,0,23,3,98,0,0,0,0,0,0,0,0,0
glyco_Fluc_spike	27	T	82009,2,39,2,81863,0,0,103,10,226,0,0,0,0,0,0,0,0,0
glyco_Fluc_spike	28	A	82161,81842,18,20,66,0,0,215,49,21,0,0,0,0,0,0,0,0,0
glyco_Fluc_spike	29	G	82505,41,36,82367,46,0,0,15,8,105,0,0,0,0,0,0,0,0,0
glyco_Fluc_spike	30	A	82430,82261,7,30,27,0,0,105,20,164,0,0,0,0,0,0,0,0,0
glyco_Fluc_spike	31	G	82378,151,14,82167,44,0,0,2,1,13,0,0,0,0,0,0,0,0,0
glyco_Fluc_spike	32	G	82363,49,8,82273,30,0,0,3,0,38,0,0,0,0,0,0,0,0,0
glyco_Fluc_spike	33	A	82383,82246,8,30,60,0,0,39,3,12,0,0,0,0,0,0,0,0,0
glyco_Fluc_spike	34	T	82759,9,34,50,82637,0,0,29,51,26,0,0,0,0,0,0,0,0,0
glyco_Fluc_spike	35	G	82474,216,16,82185,56,0,0,1,0,0,0,0,0,0,0,0,0,0,0
glyco_Fluc_spike	36	G	82507,57,5,82410,34,0,0,1,52,71,0,0,0,0,0,0,0,0,0
glyco_Fluc_spike	37	A	82454,82381,11,45,16,0,0,1,0,3,0,0,0,0,0,0,0,0,0
glyco_Fluc_spike	38	A	82495,82401,14,18,58,0,0,4,50,105,0,0,0,0,0,0,0,0,0
glyco_Fluc_spike	39	C	82798,8,82593,6,188,0,0,3,0,17,0,0,0,0,0,0,0,0,0
glyco_Fluc_spike	40	C	82738,8,82574,5,151,0,0,0,33,46,0,0,0,0,0,0,0,0,0
glyco_Fluc_spike	41	G	82559,336,57,82091,29,0,0,46,4,8,0,0,0,0,0,0,0,0,0
glyco_Fluc_spike	42	C	82761,9,82713,2,29,0,0,8,3,20,0,0,0,0,0,0,0,0,0
glyco_Fluc_spike	43	T	82718,1,35,6,82652,0,0,24,19,29,0,0,0,0,0,0,0,0,0
glyco_Fluc_spike	44	G	82461,327,15,82109,10,0,0,0,0,0,0,0,0,0,0,0,0,0,0
glyco_Fluc_spike	45	G	82283,348,8,81912,15,0,0,0,1,3,0,0,0,0,0,0,0,0,0
glyco_Fluc_spike	46	C	82817,7,82785,1,21,0,0,3,3,2,0,0,0,0,0,0,0,0,0
glyco_Fluc_spike	47	T	82373,0,7,0,82364,0,0,2,0,0,0,0,0,0,0,0,0,0,0
glyco_Fluc_spike	48	G	81410,1,1,81407,1,0,0,0,0,0,0,0,0,0,0,0,0,0,0
glyco_Fluc_spike	49	G	77719,0,0,77719,0,0,0,0,0,0,0,0,0,0,0,0,0,0,0
glyco_Fluc_spike	50	T	4020,0,0,0,4020,0,0,0,0,0,0,0,0,0,0,0,0,0,0
glyco_Fluc_spike	51	T	3611,0,0,0,3611,0,0,0,0,0,0,0,0,0,0,0,0,0,0
