chr	pos	ref_base	depth,A,C,G,T,N,Skip,Gap,Insert,Delete,,a,c,g,t,n,skip,gap,insert,delete
Fluc_spike	1	G	167539,0,0,167539,0,0,0,0,0,0,0,0,0,0,0,0,0,0,0
Fluc_spike	2	G	181420,0,0,181420,0,0,0,0,0,0,0,0,0,0,0,0,0,0,0
Fluc_spike	3	G	185229,0,0,185229,0,0,0,0,0,0,0,0,0,0,0,0,0,0,0
Fluc_spike	4	A	205390,205357,29,4,0,0,0,0,0,0,0,0,0,0,0,0,0,0,0
Fluc_spike	5	A	206422,206297,41,71,13,0,0,0,7,190,0,0,0,0,0,0,0,0,0
Fluc_spike	6	C	208019,19,207960,2,38,0,0,0,0,1,0,0,0,0,0,0,0,0,0
Fluc_spike	7	C	208114,15,208042,3,53,0,0,1,7,86,0,0,0,0,0,0,0,0,0
Fluc_spike	8	A	207073,206834,80,62,11,0,0,86,4,44,0,0,0,0,0,0,0,0,0
Fluc_spike	9	G	207745,119,31,207414,137,0,0,44,120,88,0,0,0,0,0,0,0,0,0
Fluc_spike	10	C	208342,32,208200,10,98,0,0,2,2,1,0,0,0,0,0,0,0,0,0
Fluc_spike	11	C	208426,45,208286,14,80,0,0,1,15,261,0,0,0,0,0,0,0,0,0
Fluc_spike	12	G	208155,110,47,207759,60,0,0,179,3,12,0,0,0,0,0,0,0,0,0
Fluc_spike	13	G	208257,51,32,207935,60,0,0,179,24,35,0,0,0,0,0,0,0,0,0
Fluc_spike	14	C	209166,28,208973,15,117,0,0,33,16,57,0,0,0,0,0,0,0,0,0
Fluc_spike	15	G	208820,128,34,208472,130,0,0,56,8,271,0,0,0,0,0,0,0,0,0
Fluc_spike	16	C	209436,32,209314,7,76,0,0,7,1,4,0,0,0,0,0,0,0,0,0
Fluc_spike	17	C	210046,22,209898,10,105,0,0,11,14,65,0,0,0,0,0,0,0,0,0
Fluc_spike	18	A	210556,210366,40,56,22,0,0,72,19,97,0,0,0,0,0,0,0,0,0
Fluc_spike	19	T	210610,7,76,1,210508,0,0,18,0,9,0,0,0,0,0,0,0,0,0
Fluc_spike	20	T	210825,10,118,0,210688,0,0,9,6,48,0,0,0,0,0,0,0,0,0
Fluc_spike	21	C	211095,41,210930,8,68,0,0,48,4,34,0,0,0,0,0,0,0,0,0
Fluc_spike	22	T	211010,6,103,1,210867,0,0,33,15,4,0,0,0,0,0,0,0,0,0
Fluc_spike	23	A	210299,210176,37,58,24,0,0,4,4,4,0,0,0,0,0,0,0,0,0
Fluc_spike	24	T	211205,10,68,0,211124,0,0,3,0,10,0,0,0,0,0,0,0,0,0
Fluc_spike	25	C	211213,18,211144,7,44,0,0,0,0,16,0,0,0,0,0,0,0,0,0
Fluc_spike	26	C	211119,60,211015,7,37,0,0,0,0,2,0,0,0,0,0,0,0,0,0
Fluc_spike	27	T	211059,8,103,5,210941,0,0,2,4,4,0,0,0,0,0,0,0,0,0
Fluc_spike	28	C	209604,38,209518,7,37,0,0,4,0,6,0,0,0,0,0,0,0,0,0
Fluc_spike	29	T	211050,16,70,11,210947,0,0,6,0,48,0,0,0,0,0,0,0,0,0
Fluc_spike	30	A	211845,211713,44,54,21,0,0,13,0,3,0,0,0,0,0,0,0,0,0
Fluc_spike	31	G	212855,48,27,212684,93,0,0,3,10,8,0,0,0,0,0,0,0,0,0
Fluc_spike	32	A	213262,213159,14,77,4,0,0,8,1,30,0,0,0,0,0,0,0,0,0
Fluc_spike	33	G	213519,42,5,213405,54,0,0,13,0,0,0,0,0,0,0,0,0,0,0
Fluc_spike	34	G	213398,58,9,213280,38,0,0,13,2,0,0,0,0,0,0,0,0,0,0
Fluc_spike	35	A	213534,213432,17,76,9,0,0,0,0,0,0,0,0,0,0,0,0,0,0
Fluc_spike	36	T	214220,18,79,4,214119,0,0,0,0,6,0,0,0,0,0,0,0,0,0
Fluc_spike	37	G	213744,184,5,213516,39,0,0,0,0,0,0,0,0,0,0,0,0,0,0
Fluc_spike	38	G	213804,54,4,213693,53,0,0,0,1,1,0,0,0,0,0,0,0,0,0
Fluc_spike	39	A	213737,213605,15,111,6,0,0,0,0,2,0,0,0,0,0,0,0,0,0
Fluc_spike	40	A	213934,213848,19,61,5,0,0,1,20,5,0,0,0,0,0,0,0,0,0
Fluc_spike	41	C	214808,33,214634,5,134,0,0,2,0,5,0,0,0,0,0,0,0,0,0
Fluc_spike	42	C	214835,46,214661,55,72,0,0,1,12,10,0,0,0,0,0,0,0,0,0
Fluc_spike	43	G	213733,108,10,213542,62,0,0,11,0,1,0,0,0,0,0,0,0,0,0
Fluc_spike	44	C	214906,20,214862,1,21,0,0,2,0,2,0,0,0,0,0,0,0,0,0
Fluc_spike	45	T	214257,13,90,9,214142,0,0,3,0,16,0,0,0,0,0,0,0,0,0
Fluc_spike	46	G	213827,56,15,213685,70,0,0,1,0,2,0,0,0,0,0,0,0,0,0
Fluc_spike	47	G	214039,55,24,213761,198,0,0,1,0,3,0,0,0,0,0,0,0,0,0
Fluc_spike	48	A	214719,214602,7,86,22,0,0,2,0,0,0,0,0,0,0,0,0,0,0
Fluc_spike	49	G	214247,53,21,214013,160,0,0,0,0,3,0,0,0,0,0,0,0,0,0
Fluc_spike	50	A	214684,214554,46,71,10,0,0,3,0,8,0,0,0,0,0,0,0,0,0
Fluc_spike	51	G	214335,54,9,214196,69,0,0,7,9,2,0,0,0,0,0,0,0,0,0
Fluc_spike	52	C	216104,41,215954,9,99,0,0,1,0,32,0,0,0,0,0,0,0,0,0
Fluc_spike	53	A	215785,215651,14,96,24,0,0,0,0,0,0,0,0,0,0,0,0,0,0
Fluc_spike	54	A	215506,215418,8,70,10,0,0,0,0,2,0,0,0,0,0,0,0,0,0
Fluc_spike	55	C	216645,48,216536,7,53,0,0,1,0,2,0,0,0,0,0,0,0,0,0
Fluc_spike	56	T	216128,17,106,6,215997,0,0,2,0,4,0,0,0,0,0,0,0,0,0
Fluc_spike	57	G	216784,114,12,216593,61,0,0,4,0,4,0,0,0,0,0,0,0,0,0
Fluc_spike	58	C	217984,36,217861,6,77,0,0,4,0,8,0,0,0,0,0,0,0,0,0
Fluc_spike	59	A	217462,217358,22,64,10,0,0,8,1,2,0,0,0,0,0,0,0,0,0
Fluc_spike	60	T	217992,17,75,1,217899,0,0,0,0,19,0,0,0,0,0,0,0,0,0
Fluc_spike	61	A	218721,218641,4,72,4,0,0,0,0,0,0,0,0,0,0,0,0,0,0
Fluc_spike	62	A	219596,219502,13,67,14,0,0,0,4,10,0,0,0,0,0,0,0,0,0
Fluc_spike	63	G	220044,45,6,219908,85,0,0,0,0,0,0,0,0,0,0,0,0,0,0
Fluc_spike	64	G	219797,66,9,219649,73,0,0,0,0,1,0,0,0,0,0,0,0,0,0
Fluc_spike	65	C	220831,28,220741,10,51,0,0,1,1,10,0,0,0,0,0,0,0,0,0
Fluc_spike	66	T	220280,7,91,8,220171,0,0,3,0,8,0,0,0,0,0,0,0,0,0
Fluc_spike	67	A	220106,220008,23,51,17,0,0,7,0,2,0,0,0,0,0,0,0,0,0
Fluc_spike	68	T	221021,29,84,2,220904,0,0,2,0,11,0,0,0,0,0,0,0,0,0
Fluc_spike	69	G	220341,75,14,220173,69,0,0,10,0,24,0,0,0,0,0,0,0,0,0
Fluc_spike	70	A	220755,220647,10,84,14,0,0,0,0,35,0,0,0,0,0,0,0,0,0
Fluc_spike	71	A	220635,220510,18,82,25,0,0,0,0,3,0,0,0,0,0,0,0,0,0
Fluc_spike	72	G	220458,70,3,220301,80,0,0,4,4,3,0,0,0,0,0,0,0,0,0
Fluc_spike	73	A	220277,220183,9,72,10,0,0,3,0,3,0,0,0,0,0,0,0,0,0
Fluc_spike	74	G	220569,58,20,220396,92,0,0,3,0,4,0,0,0,0,0,0,0,0,0
Fluc_spike	75	A	219528,219428,8,78,12,0,0,2,2,2,0,0,0,0,0,0,0,0,0
Fluc_spike	76	T	220974,17,60,0,220895,0,0,2,2,10,0,0,0,0,0,0,0,0,0
Fluc_spike	77	A	220328,220224,22,63,9,0,0,10,2,4,0,0,0,0,0,0,0,0,0
Fluc_spike	78	C	220529,71,220316,14,119,0,0,9,1,16,0,0,0,0,0,0,0,0,0
Fluc_spike	79	G	220126,85,50,219907,68,0,0,16,4,26,0,0,0,0,0,0,0,0,0
Fluc_spike	80	C	220518,16,220457,3,42,0,0,0,0,0,0,0,0,0,0,0,0,0,0
Fluc_spike	81	C	220553,52,220428,10,63,0,0,0,1,0,0,0,0,0,0,0,0,0,0
Fluc_spike	82	C	220436,109,220280,11,36,0,0,0,0,5,0,0,0,0,0,0,0,0,0
Fluc_spike	83	T	220462,7,83,11,220356,0,0,5,0,3,0,0,0,0,0,0,0,0,0
Fluc_spike	84	G	218964,32,1,218921,10,0,0,0,0,0,0,0,0,0,0,0,0,0,0
Fluc_spike	85	G	218839,10,2,218825,2,0,0,0,0,0,0,0,0,0,0,0,0,0,0
Fluc_spike	86	T	202312,0,4,0,202308,0,0,0,0,0,0,0,0,0,0,0,0,0,0
Fluc_spike	87	T	36552,0,1,0,36551,0,0,0,0,0,0,0,0,0,0,0,0,0,0
Fluc_spike	88	C	17860,0,17860,0,0,0,0,0,0,0,0,0,0,0,0,0,0,0,0
Fluc_spike	89	C	12946,0,12946,0,0,0,0,0,0,0,0,0,0,0,0,0,0,0,0
glyco_Fluc_spike	1	G	3520,0,0,3520,0,0,0,0,0,0,0,0,0,0,0,0,0,0,0
glyco_Fluc_spike	2	A	4678,4678,0,0,0,0,0,0,0,0,0,0,0,0,0,0,0,0,0
glyco_Fluc_spike	3	A	4806,4806,0,0,0,0,0,0,0,0,0,0,0,0,0,0,0,0,0
glyco_Fluc_spike	4	C	5031,0,5030,1,0,0,0,0,1,0,0,0,0,0,0,0,0,0,0
glyco_Fluc_spike	5	G	6660,1,0,6652,7,0,0,0,0,6,0,0,0,0,0,0,0,0,0
glyco_Fluc_spike	6	A	6980,6971,1,2,0,0,0,6,2,2,0,0,0,0,0,0,0,0,0
glyco_Fluc_spike	7	G	7120,7,0,7108,3,0,0,2,0,1,0,0,0,0,0,0,0,0,0
glyco_Fluc_spike	8	C	7175,0,7167,1,7,0,0,0,0,0,0,0,0,0,0,0,0,0,0
glyco_Fluc_spike	9	C	7727,0,7717,0,10,0,0,0,1,10,0,0,0,0,0,0,0,0,0
glyco_Fluc_spike	10	G	7864,8,2,7850,2,0,0,2,1,2,0,0,0,0,0,0,0,0,0
glyco_Fluc_spike	11	G	7878,4,2,7869,1,0,0,2,0,5,0,0,0,0,0,0,0,0,0
glyco_Fluc_spike	12	C	7922,0,7905,1,10,0,0,6,10,11,0,0,0,0,0,0,0,0,0
glyco_Fluc_spike	13	G	7938,10,4,7902,10,0,0,12,5,15,0,0,0,0,0,0,0,0,0
glyco_Fluc_spike	14	C	7976,0,7957,2,17,0,0,0,0,2,0,0,0,0,0,0,0,0,0
glyco_Fluc_spike	15	C	8122,0,8108,1,12,0,0,1,1,8,0,0,0,0,0,0,0,0,0
glyco_Fluc_spike	16	A	8487,8467,0,4,7,0,0,9,0,7,0,0,0,0,0,0,0,0,0
glyco_Fluc_spike	17	T	8545,0,0,0,8543,0,0,2,0,0,0,0,0,0,0,0,0,0,0
glyco_Fluc_spike	18	T	8550,0,5,1,8544,0,0,0,0,1,0,0,0,0,0,0,0,0,0
glyco_Fluc_spike	19	C	8571,3,8566,0,1,0,0,1,0,2,0,0,0,0,0,0,0,0,0
glyco_Fluc_spike	20	T	8575,0,7,2,8564,0,0,2,0,7,0,0,0,0,0,0,0,0,0
glyco_Fluc_spike	21	A	8570,8552,0,3,8,0,0,7,0,4,0,0,0,0,0,0,0,0,0
glyco_Fluc_spike	22	T	8630,0,4,1,8622,0,0,3,0,2,0,0,0,0,0,0,0,0,0
glyco_Fluc_spike	23	C	8622,0,8611,0,11,0,0,0,1,96,0,0,0,0,0,0,0,0,0
glyco_Fluc_spike	24	C	8537,0,8531,0,6,0,0,0,0,4,0,0,0,0,0,0,0,0,0
glyco_Fluc_spike	25	T	8539,0,9,1,8525,0,0,4,3,1,0,0,0,0,0,0,0,0,0
glyco_Fluc_spike	26	C	8533,2,8509,0,21,0,0,1,1,6,0,0,0,0,0,0,0,0,0
glyco_Fluc_spike	27	T	8599,0,4,0,8589,0,0,6,0,22,0,0,0,0,0,0,0,0,0
glyco_Fluc_spike	28	A	9794,9757,3,5,9,0,0,20,1,1,0,0,0,0,0,0,0,0,0
glyco_Fluc_spike	29	G	9823,7,4,9807,5,0,0,0,0,7,0,0,0,0,0,0,0,0,0
glyco_Fluc_spike	30	A	9809,9796,1,3,2,0,0,7,3,13,0,0,0,0,0,0,0,0,0
glyco_Fluc_spike	31	G	9822,16,2,9801,3,0,0,0,0,1,0,0,0,0,0,0,0,0,0
glyco_Fluc_spike	32	G	9822,2,1,9819,0,0,0,0,2,4,0,0,0,0,0,0,0,0,0
glyco_Fluc_spike	33	A	9808,9794,0,5,5,0,0,4,0,2,0,0,0,0,0,0,0,0,0
glyco_Fluc_spike	34	T	9868,1,11,5,9849,0,0,2,0,5,0,0,0,0,0,0,0,0,0
glyco_Fluc_spike	35	G	9824,37,2,9778,7,0,0,0,0,0,0,0,0,0,0,0,0,0,0
glyco_Fluc_spike	36	G	9832,6,0,9822,4,0,0,0,3,2,0,0,0,0,0,0,0,0,0
glyco_Fluc_spike	37	A	9832,9827,1,2,2,0,0,0,0,0,0,0,0,0,0,0,0,0,0
glyco_Fluc_spike	38	A	9830,9814,4,2,10,0,0,0,6,8,0,0,0,0,0,0,0,0,0
glyco_Fluc_spike	39	C	9868,1,9842,0,25,0,0,0,0,3,0,0,0,0,0,0,0,0,0
glyco_Fluc_spike	40	C	9860,1,9839,1,19,0,0,0,3,7,0,0,0,0,0,0,0,0,0
glyco_Fluc_spike	41	G	9844,41,2,9792,2,0,0,7,1,2,0,0,0,0,0,0,0,0,0
glyco_Fluc_spike	42	C	9866,2,9859,0,3,0,0,2,1,4,0,0,0,0,0,0,0,0,0
glyco_Fluc_spike	43	T	9853,0,4,0,9845,0,0,4,3,3,0,0,0,0,0,0,0,0,0
glyco_Fluc_spike	44	G	9833,39,1,9789,4,0,0,0,0,0,0,0,0,0,0,0,0,0,0
glyco_Fluc_spike	45	G	9810,34,0,9775,1,0,0,0,0,0,0,0,0,0,0,0,0,0,0
glyco_Fluc_spike	46	C	9871,0,9869,0,2,0,0,0,0,0,0,0,0,0,0,0,0,0,0
glyco_Fluc_spike	47	T	9818,0,0,1,9817,0,0,0,0,0,0,0,0,0,0,0,0,0,0
glyco_Fluc_spike	48	G	9731,0,0,9731,0,0,0,0,0,0,0,0,0,0,0,0,0,0,0
glyco_Fluc_spike	49	G	9342,0,0,9342,0,0,0,0,0,0,0,0,0,0,0,0,0,0,0
glyco_Fluc_spike	50	T	531,0,0,0,531,0,0,0,0,0,0,0,0,0,0,0,0,0,0
glyco_Fluc_spike	51	T	474,0,0,0,474,0,0,0,0,0,0,0,0,0,0,0,0,0,0
