chr	pos	ref_base	depth,A,C,G,T,N,Skip,Gap,Insert,Delete,,a,c,g,t,n,skip,gap,insert,delete
Fluc_spike	1	G	286,0,0,286,0,0,0,0,0,0,0,0,0,0,0,0,0,0,0
Fluc_spike	2	G	313,0,0,313,0,0,0,0,0,0,0,0,0,0,0,0,0,0,0
Fluc_spike	3	G	328,0,0,328,0,0,0,0,0,0,0,0,0,0,0,0,0,0,0
Fluc_spike	4	A	358,358,0,0,0,0,0,0,0,0,0,0,0,0,0,0,0,0,0
Fluc_spike	5	A	360,359,0,1,0,0,0,0,0,1,0,0,0,0,0,0,0,0,0
Fluc_spike	6	C	364,0,364,0,0,0,0,0,0,0,0,0,0,0,0,0,0,0,0
Fluc_spike	7	C	364,0,354,10,0,0,0,0,0,0,0,0,0,0,0,0,0,0,0
Fluc_spike	8	A	363,363,0,0,0,0,0,0,0,0,0,0,0,0,0,0,0,0,0
Fluc_spike	9	G	363,0,0,363,0,0,0,0,0,0,0,0,0,0,0,0,0,0,0
Fluc_spike	10	C	365,0,365,0,0,0,0,0,0,0,0,0,0,0,0,0,0,0,0
Fluc_spike	11	C	371,0,371,0,0,0,0,0,0,2,0,0,0,0,0,0,0,0,0
Fluc_spike	12	G	373,0,1,372,0,0,0,0,0,0,0,0,0,0,0,0,0,0,0
Fluc_spike	13	G	373,0,1,372,0,0,0,0,0,0,0,0,0,0,0,0,0,0,0
Fluc_spike	14	C	379,0,379,0,0,0,0,0,0,0,0,0,0,0,0,0,0,0,0
Fluc_spike	15	G	379,0,0,379,0,0,0,0,0,0,0,0,0,0,0,0,0,0,0
Fluc_spike	16	C	381,0,381,0,0,0,0,0,0,0,0,0,0,0,0,0,0,0,0
Fluc_spike	17	C	383,0,383,0,0,0,0,0,0,0,0,0,0,0,0,0,0,0,0
Fluc_spike	18	A	388,388,0,0,0,0,0,0,0,1,0,0,0,0,0,0,0,0,0
Fluc_spike	19	T	387,0,0,0,387,0,0,0,0,0,0,0,0,0,0,0,0,0,0
Fluc_spike	20	T	389,0,0,0,389,0,0,0,0,0,0,0,0,0,0,0,0,0,0
Fluc_spike	21	C	390,1,389,0,0,0,0,0,0,0,0,0,0,0,0,0,0,0,0
Fluc_spike	22	T	390,0,0,0,390,0,0,0,0,0,0,0,0,0,0,0,0,0,0
Fluc_spike	23	A	389,389,0,0,0,0,0,0,0,0,0,0,0,0,0,0,0,0,0
Fluc_spike	24	T	392,0,0,0,392,0,0,0,0,0,0,0,0,0,0,0,0,0,0
Fluc_spike	25	C	391,0,391,0,0,0,0,0,0,1,0,0,0,0,0,0,0,0,0
Fluc_spike	26	C	391,0,391,0,0,0,0,0,0,0,0,0,0,0,0,0,0,0,0
Fluc_spike	27	T	387,0,0,0,387,0,0,0,1,0,0,0,0,0,0,0,0,0,0
Fluc_spike	28	C	385,0,385,0,0,0,0,0,0,0,0,0,0,0,0,0,0,0,0
Fluc_spike	29	T	389,0,0,0,389,0,0,0,0,0,0,0,0,0,0,0,0,0,0
Fluc_spike	30	A	389,389,0,0,0,0,0,0,0,0,0,0,0,0,0,0,0,0,0
Fluc_spike	31	G	386,0,0,386,0,0,0,0,0,0,0,0,0,0,0,0,0,0,0
Fluc_spike	32	A	388,388,0,0,0,0,0,0,0,0,0,0,0,0,0,0,0,0,0
Fluc_spike	33	G	390,0,0,390,0,0,0,0,0,0,0,0,0,0,0,0,0,0,0
Fluc_spike	34	G	390,0,0,390,0,0,0,0,0,0,0,0,0,0,0,0,0,0,0
Fluc_spike	35	A	388,387,0,0,1,0,0,0,0,0,0,0,0,0,0,0,0,0,0
Fluc_spike	36	T	391,0,0,0,391,0,0,0,1,0,0,0,0,0,0,0,0,0,0
Fluc_spike	37	G	388,0,0,388,0,0,0,0,0,0,0,0,0,0,0,0,0,0,0
Fluc_spike	38	G	389,0,0,389,0,0,0,0,0,0,0,0,0,0,0,0,0,0,0
Fluc_spike	39	A	388,388,0,0,0,0,0,0,0,0,0,0,0,0,0,0,0,0,0
Fluc_spike	40	A	389,389,0,0,0,0,0,0,0,0,0,0,0,0,0,0,0,0,0
Fluc_spike	41	C	391,0,391,0,0,0,0,0,0,0,0,0,0,0,0,0,0,0,0
Fluc_spike	42	C	391,0,391,0,0,0,0,0,0,0,0,0,0,0,0,0,0,0,0
Fluc_spike	43	G	388,0,0,388,0,0,0,0,0,0,0,0,0,0,0,0,0,0,0
Fluc_spike	44	C	391,1,390,0,0,0,0,0,0,0,0,0,0,0,0,0,0,0,0
Fluc_spike	45	T	387,0,0,0,387,0,0,0,0,0,0,0,0,0,0,0,0,0,0
Fluc_spike	46	G	389,0,0,389,0,0,0,0,0,0,0,0,0,0,0,0,0,0,0
Fluc_spike	47	G	387,0,0,386,1,0,0,0,0,0,0,0,0,0,0,0,0,0,0
Fluc_spike	48	A	384,384,0,0,0,0,0,0,0,0,0,0,0,0,0,0,0,0,0
Fluc_spike	49	G	375,0,0,374,1,0,0,0,0,0,0,0,0,0,0,0,0,0,0
Fluc_spike	50	A	366,366,0,0,0,0,0,0,0,0,0,0,0,0,0,0,0,0,0
Fluc_spike	51	G	363,0,0,363,0,0,0,0,0,0,0,0,0,0,0,0,0,0,0
Fluc_spike	52	C	368,0,368,0,0,0,0,0,0,1,0,0,0,0,0,0,0,0,0
Fluc_spike	53	A	367,367,0,0,0,0,0,0,0,0,0,0,0,0,0,0,0,0,0
Fluc_spike	54	A	366,366,0,0,0,0,0,0,0,0,0,0,0,0,0,0,0,0,0
Fluc_spike	55	C	366,0,366,0,0,0,0,0,0,0,0,0,0,0,0,0,0,0,0
Fluc_spike	56	T	364,0,0,0,364,0,0,0,0,0,0,0,0,0,0,0,0,0,0
Fluc_spike	57	G	368,1,0,367,0,0,0,0,0,0,0,0,0,0,0,0,0,0,0
Fluc_spike	58	C	369,1,368,0,0,0,0,0,0,0,0,0,0,0,0,0,0,0,0
Fluc_spike	59	A	368,366,0,1,1,0,0,0,0,0,0,0,0,0,0,0,0,0,0
Fluc_spike	60	T	366,0,0,0,366,0,0,0,0,0,0,0,0,0,0,0,0,0,0
Fluc_spike	61	A	369,369,0,0,0,0,0,0,0,0,0,0,0,0,0,0,0,0,0
Fluc_spike	62	A	369,369,0,0,0,0,0,0,0,0,0,0,0,0,0,0,0,0,0
Fluc_spike	63	G	368,0,0,368,0,0,0,0,0,0,0,0,0,0,0,0,0,0,0
Fluc_spike	64	G	369,2,0,367,0,0,0,0,0,0,0,0,0,0,0,0,0,0,0
Fluc_spike	65	C	371,0,370,0,1,0,0,0,0,0,0,0,0,0,0,0,0,0,0
Fluc_spike	66	T	369,0,1,0,368,0,0,0,0,0,0,0,0,0,0,0,0,0,0
Fluc_spike	67	A	370,370,0,0,0,0,0,0,0,0,0,0,0,0,0,0,0,0,0
Fluc_spike	68	T	369,0,0,0,369,0,0,0,0,0,0,0,0,0,0,0,0,0,0
Fluc_spike	69	G	366,1,0,363,2,0,0,0,0,0,0,0,0,0,0,0,0,0,0
Fluc_spike	70	A	371,371,0,0,0,0,0,0,0,1,0,0,0,0,0,0,0,0,0
Fluc_spike	71	A	369,369,0,0,0,0,0,0,0,0,0,0,0,0,0,0,0,0,0
Fluc_spike	72	G	368,0,0,368,0,0,0,0,0,0,0,0,0,0,0,0,0,0,0
Fluc_spike	73	A	367,366,0,1,0,0,0,0,0,0,0,0,0,0,0,0,0,0,0
Fluc_spike	74	G	368,1,0,367,0,0,0,0,0,0,0,0,0,0,0,0,0,0,0
Fluc_spike	75	A	367,367,0,0,0,0,0,0,0,0,0,0,0,0,0,0,0,0,0
Fluc_spike	76	T	370,0,0,0,370,0,0,0,0,0,0,0,0,0,0,0,0,0,0
Fluc_spike	77	A	371,371,0,0,0,0,0,0,0,0,0,0,0,0,0,0,0,0,0
Fluc_spike	78	C	369,0,369,0,0,0,0,0,0,0,0,0,0,0,0,0,0,0,0
Fluc_spike	79	G	370,0,0,370,0,0,0,0,0,0,0,0,0,0,0,0,0,0,0
Fluc_spike	80	C	370,0,370,0,0,0,0,0,0,0,0,0,0,0,0,0,0,0,0
Fluc_spike	81	C	370,0,370,0,0,0,0,0,0,0,0,0,0,0,0,0,0,0,0
Fluc_spike	82	C	368,0,368,0,0,0,0,0,0,0,0,0,0,0,0,0,0,0,0
Fluc_spike	83	T	367,0,0,0,367,0,0,0,0,0,0,0,0,0,0,0,0,0,0
Fluc_spike	84	G	363,0,0,363,0,0,0,0,0,0,0,0,0,0,0,0,0,0,0
Fluc_spike	85	G	363,0,0,363,0,0,0,0,0,0,0,0,0,0,0,0,0,0,0
Fluc_spike	86	T	337,0,0,0,337,0,0,0,0,0,0,0,0,0,0,0,0,0,0
Fluc_spike	87	T	59,0,0,0,59,0,0,0,0,0,0,0,0,0,0,0,0,0,0
Fluc_spike	88	C	29,0,29,0,0,0,0,0,0,0,0,0,0,0,0,0,0,0,0
Fluc_spike	89	C	11,0,11,0,0,0,0,0,0,0,0,0,0,0,0,0,0,0,0
glyco_Fluc_spike	1	G	369638,0,0,369638,0,0,0,0,0,0,0,0,0,0,0,0,0,0,0
glyco_Fluc_spike	2	A	482396,482396,0,0,0,0,0,0,0,0,0,0,0,0,0,0,0,0,0
glyco_Fluc_spike	3	A	489073,489073,0,0,0,0,0,0,0,0,0,0,0,0,0,0,0,0,0
glyco_Fluc_spike	4	C	495169,0,495161,0,8,0,0,0,40,0,0,0,0,0,0,0,0,0,0
glyco_Fluc_spike	5	G	542990,226,125,542349,290,0,0,0,22,433,0,0,0,0,0,0,0,0,0
glyco_Fluc_spike	6	A	553080,552319,194,94,39,0,0,434,54,451,0,0,0,0,0,0,0,0,0
glyco_Fluc_spike	7	G	558487,515,51,557365,102,0,0,454,35,166,0,0,0,0,0,0,0,0,0
glyco_Fluc_spike	8	C	561053,27,560172,20,818,0,0,16,0,59,0,0,0,0,0,0,0,0,0
glyco_Fluc_spike	9	C	622903,97,621740,40,992,0,0,34,160,795,0,0,0,0,0,0,0,0,0
glyco_Fluc_spike	10	G	639890,562,166,638730,361,0,0,71,18,216,0,0,0,0,0,0,0,0,0
glyco_Fluc_spike	11	G	643362,707,301,642168,135,0,0,51,38,591,0,0,0,0,0,0,0,0,0
glyco_Fluc_spike	12	C	647875,36,646566,43,672,0,0,558,995,970,0,0,0,0,0,0,0,0,0
glyco_Fluc_spike	13	G	647481,913,281,644815,503,0,0,969,366,1367,0,0,0,0,0,0,0,0,0
glyco_Fluc_spike	14	C	650207,18,649146,57,947,0,0,39,11,59,0,0,0,0,0,0,0,0,0
glyco_Fluc_spike	15	C	666855,54,665773,31,935,0,0,62,53,475,0,0,0,0,0,0,0,0,0
glyco_Fluc_spike	16	A	678411,676766,44,249,848,0,0,504,149,916,0,0,0,0,0,0,0,0,0
glyco_Fluc_spike	17	T	680919,14,220,28,680537,0,0,120,0,45,0,0,0,0,0,0,0,0,0
glyco_Fluc_spike	18	T	681620,10,305,18,681257,0,0,30,11,66,0,0,0,0,0,0,0,0,0
glyco_Fluc_spike	19	C	684389,124,683920,20,255,0,0,70,36,412,0,0,0,0,0,0,0,0,0
glyco_Fluc_spike	20	T	684506,15,213,69,683851,0,0,358,28,174,0,0,0,0,0,0,0,0,0
glyco_Fluc_spike	21	A	684012,683226,108,144,344,0,0,190,22,163,0,0,0,0,0,0,0,0,0
glyco_Fluc_spike	22	T	687973,12,322,16,687482,0,0,141,40,181,0,0,0,0,0,0,0,0,0
glyco_Fluc_spike	23	C	688172,34,687637,23,448,0,0,30,5,4919,0,0,0,0,0,0,0,0,0
glyco_Fluc_spike	24	C	683645,66,683234,18,299,0,0,28,38,325,0,0,0,0,0,0,0,0,0
glyco_Fluc_spike	25	T	683738,11,589,33,682782,0,0,323,254,139,0,0,0,0,0,0,0,0,0
glyco_Fluc_spike	26	C	683163,68,682104,10,829,0,0,152,27,999,0,0,0,0,0,0,0,0,0
glyco_Fluc_spike	27	T	685683,27,256,11,684378,0,0,1011,61,1927,0,0,0,0,0,0,0,0,0
glyco_Fluc_spike	28	A	686885,684213,186,168,569,0,0,1749,365,143,0,0,0,0,0,0,0,0,0
glyco_Fluc_spike	29	G	689604,391,337,688357,392,0,0,127,64,773,0,0,0,0,0,0,0,0,0
glyco_Fluc_spike	30	A	688807,687590,51,237,152,0,0,777,173,1456,0,0,0,0,0,0,0,0,0
glyco_Fluc_spike	31	G	688415,1202,140,686677,387,0,0,9,22,134,0,0,0,0,0,0,0,0,0
glyco_Fluc_spike	32	G	688503,417,86,687782,182,0,0,36,37,287,0,0,0,0,0,0,0,0,0
glyco_Fluc_spike	33	A	688451,687341,57,194,538,0,0,321,43,123,0,0,0,0,0,0,0,0,0
glyco_Fluc_spike	34	T	691358,92,299,501,690232,0,0,234,484,261,0,0,0,0,0,0,0,0,0
glyco_Fluc_spike	35	G	689151,1879,159,686676,425,0,0,12,5,9,0,0,0,0,0,0,0,0,0
glyco_Fluc_spike	36	G	689468,566,105,688465,311,0,0,21,447,682,0,0,0,0,0,0,0,0,0
glyco_Fluc_spike	37	A	688952,688364,53,368,153,0,0,14,3,7,0,0,0,0,0,0,0,0,0
glyco_Fluc_spike	38	A	689225,688460,117,199,437,0,0,12,447,752,0,0,0,0,0,0,0,0,0
glyco_Fluc_spike	39	C	691525,80,689892,56,1486,0,0,11,0,181,0,0,0,0,0,0,0,0,0
glyco_Fluc_spike	40	C	690818,72,689688,37,1017,0,0,4,263,301,0,0,0,0,0,0,0,0,0
glyco_Fluc_spike	41	G	689589,2911,507,685679,195,0,0,297,36,120,0,0,0,0,0,0,0,0,0
glyco_Fluc_spike	42	C	690656,49,690176,9,306,0,0,116,70,176,0,0,0,0,0,0,0,0,0
glyco_Fluc_spike	43	T	690765,29,245,42,690204,0,0,245,336,299,0,0,0,0,0,0,0,0,0
glyco_Fluc_spike	44	G	688201,2584,150,685255,210,0,0,2,3,0,0,0,0,0,0,0,0,0,0
glyco_Fluc_spike	45	G	687155,3294,123,683576,162,0,0,0,7,22,0,0,0,0,0,0,0,0,0
glyco_Fluc_spike	46	C	690314,50,689866,16,360,0,0,22,7,15,0,0,0,0,0,0,0,0,0
glyco_Fluc_spike	47	T	686724,1,31,11,686666,0,0,15,0,0,0,0,0,0,0,0,0,0,0
glyco_Fluc_spike	48	G	678419,47,3,678355,14,0,0,0,0,0,0,0,0,0,0,0,0,0,0
glyco_Fluc_spike	49	G	646913,0,0,646910,3,0,0,0,0,0,0,0,0,0,0,0,0,0,0
glyco_Fluc_spike	50	T	31701,0,0,0,31701,0,0,0,0,0,0,0,0,0,0,0,0,0,0
glyco_Fluc_spike	51	T	28259,0,0,0,28259,0,0,0,0,0,0,0,0,0,0,0,0,0,0
