chr	pos	ref_base	depth,A,C,G,T,N,Skip,Gap,Insert,Delete,,a,c,g,t,n,skip,gap,insert,delete
Fluc_spike	1	G	4045005,0,0,4045005,0,0,0,0,0,0,0,0,0,0,0,0,0,0,0
Fluc_spike	2	G	4460260,0,0,4460260,0,0,0,0,0,0,0,0,0,0,0,0,0,0,0
Fluc_spike	3	G	4602005,0,0,4602005,0,0,0,0,0,0,0,0,0,0,0,0,0,0,0
Fluc_spike	4	A	5199676,5198952,541,176,7,0,0,0,0,0,0,0,0,0,0,0,0,0,0
Fluc_spike	5	A	5237862,5234938,1181,1561,182,0,0,0,256,9413,0,0,0,0,0,0,0,0,0
Fluc_spike	6	C	5284522,388,5282517,69,1545,0,0,3,1,33,0,0,0,0,0,0,0,0,0
Fluc_spike	7	C	5286522,379,5284168,148,1794,0,0,33,158,3549,0,0,0,0,0,0,0,0,0
Fluc_spike	8	A	5261489,5252966,2954,1869,130,0,0,3570,120,1623,0,0,0,0,0,0,0,0,0
Fluc_spike	9	G	5276877,3155,386,5268814,2835,0,0,1687,4256,2544,0,0,0,0,0,0,0,0,0
Fluc_spike	10	C	5292899,740,5289198,197,2718,0,0,46,13,92,0,0,0,0,0,0,0,0,0
Fluc_spike	11	C	5288959,856,5285673,268,2109,0,0,53,642,7917,0,0,0,0,0,0,0,0,0
Fluc_spike	12	G	5274810,2998,1281,5263967,1053,0,0,5511,28,460,0,0,0,0,0,0,0,0,0
Fluc_spike	13	G	5276732,1806,712,5267373,1358,0,0,5483,843,1372,0,0,0,0,0,0,0,0,0
Fluc_spike	14	C	5303434,874,5297641,327,3320,0,0,1272,527,1948,0,0,0,0,0,0,0,0,0
Fluc_spike	15	G	5291535,3496,1119,5281884,3081,0,0,1955,447,7884,0,0,0,0,0,0,0,0,0
Fluc_spike	16	C	5309330,882,5305493,296,2397,0,0,262,11,296,0,0,0,0,0,0,0,0,0
Fluc_spike	17	C	5315164,620,5311084,251,2696,0,0,513,411,2404,0,0,0,0,0,0,0,0,0
Fluc_spike	18	A	5305365,5298834,1264,1585,896,0,0,2786,619,3043,0,0,0,0,0,0,0,0,0
Fluc_spike	19	T	5304983,242,2262,74,5302061,0,0,344,30,277,0,0,0,0,0,0,0,0,0
Fluc_spike	20	T	5310982,245,2874,72,5307636,0,0,155,233,1996,0,0,0,0,0,0,0,0,0
Fluc_spike	21	C	5318637,1004,5313698,146,1785,0,0,2004,257,978,0,0,0,0,0,0,0,0,0
Fluc_spike	22	T	5315200,313,3142,126,5310683,0,0,936,552,233,0,0,0,0,0,0,0,0,0
Fluc_spike	23	A	5292823,5289161,1349,1549,527,0,0,237,232,99,0,0,0,0,0,0,0,0,0
Fluc_spike	24	T	5318272,388,1928,21,5315852,0,0,83,14,276,0,0,0,0,0,0,0,0,0
Fluc_spike	25	C	5320527,471,5318630,103,1311,0,0,12,3,534,0,0,0,0,0,0,0,0,0
Fluc_spike	26	C	5316475,1175,5313992,176,1122,0,0,10,2,112,0,0,0,0,0,0,0,0,0
Fluc_spike	27	T	5312880,246,3079,92,5309351,0,0,112,100,73,0,0,0,0,0,0,0,0,0
Fluc_spike	28	C	5280839,1106,5278240,197,1218,0,0,78,1,165,0,0,0,0,0,0,0,0,0
Fluc_spike	29	T	5311457,448,1959,153,5308729,0,0,168,1,833,0,0,0,0,0,0,0,0,0
Fluc_spike	30	A	5288796,5285142,1309,1619,474,0,0,252,7,54,0,0,0,0,0,0,0,0,0
Fluc_spike	31	G	5294231,1355,554,5289409,2864,0,0,49,149,133,0,0,0,0,0,0,0,0,0
Fluc_spike	32	A	5298124,5295349,400,2026,215,0,0,134,10,290,0,0,0,0,0,0,0,0,0
Fluc_spike	33	G	5301887,1243,110,5299233,1256,0,0,45,2,29,0,0,0,0,0,0,0,0,0
Fluc_spike	34	G	5297822,1796,92,5294917,962,0,0,55,39,54,0,0,0,0,0,0,0,0,0
Fluc_spike	35	A	5302648,5300113,451,1596,422,0,0,66,9,39,0,0,0,0,0,0,0,0,0
Fluc_spike	36	T	5319115,507,1893,201,5316470,0,0,44,23,177,0,0,0,0,0,0,0,0,0
Fluc_spike	37	G	5302095,5813,168,5295266,842,0,0,6,0,0,0,0,0,0,0,0,0,0,0
Fluc_spike	38	G	5303050,1667,149,5299983,1245,0,0,6,23,191,0,0,0,0,0,0,0,0,0
Fluc_spike	39	A	5301841,5298304,397,2849,287,0,0,4,1,2,0,0,0,0,0,0,0,0,0
Fluc_spike	40	A	5306359,5304149,341,1682,183,0,0,4,533,164,0,0,0,0,0,0,0,0,0
Fluc_spike	41	C	5329346,834,5324685,112,3684,0,0,31,20,23,0,0,0,0,0,0,0,0,0
Fluc_spike	42	C	5328878,658,5324279,2274,1638,0,0,29,275,144,0,0,0,0,0,0,0,0,0
Fluc_spike	43	G	5291457,3047,269,5286726,1245,0,0,170,0,31,0,0,0,0,0,0,0,0,0
Fluc_spike	44	C	5323484,528,5322049,86,762,0,0,59,4,63,0,0,0,0,0,0,0,0,0
Fluc_spike	45	T	5303082,360,2896,200,5299557,0,0,69,4,295,0,0,0,0,0,0,0,0,0
Fluc_spike	46	G	5283257,1461,212,5280342,1220,0,0,22,11,34,0,0,0,0,0,0,0,0,0
Fluc_spike	47	G	5286570,1497,523,5279959,4573,0,0,18,0,61,0,0,0,0,0,0,0,0,0
Fluc_spike	48	A	5300641,5297628,195,2279,481,0,0,58,2,5,0,0,0,0,0,0,0,0,0
Fluc_spike	49	G	5278587,1195,364,5274002,3017,0,0,9,5,48,0,0,0,0,0,0,0,0,0
Fluc_spike	50	A	5291102,5287266,1058,2437,290,0,0,51,4,67,0,0,0,0,0,0,0,0,0
Fluc_spike	51	G	5276114,1457,298,5272217,2077,0,0,65,236,78,0,0,0,0,0,0,0,0,0
Fluc_spike	52	C	5321932,870,5318194,209,2609,0,0,50,62,736,0,0,0,0,0,0,0,0,0
Fluc_spike	53	A	5308177,5305024,339,2397,392,0,0,25,1,18,0,0,0,0,0,0,0,0,0
Fluc_spike	54	A	5296831,5294526,304,1588,371,0,0,42,2,19,0,0,0,0,0,0,0,0,0
Fluc_spike	55	C	5323440,884,5320971,138,1411,0,0,36,2,73,0,0,0,0,0,0,0,0,0
Fluc_spike	56	T	5304749,458,2810,295,5301110,0,0,76,0,61,0,0,0,0,0,0,0,0,0
Fluc_spike	57	G	5291932,3030,541,5286901,1383,0,0,77,5,18,0,0,0,0,0,0,0,0,0
Fluc_spike	58	C	5320823,957,5318070,166,1599,0,0,31,4,224,0,0,0,0,0,0,0,0,0
Fluc_spike	59	A	5303236,5300205,513,1935,417,0,0,166,53,86,0,0,0,0,0,0,0,0,0
Fluc_spike	60	T	5314872,637,1739,46,5312351,0,0,99,39,591,0,0,0,0,0,0,0,0,0
Fluc_spike	61	A	5304056,5301558,216,2078,166,0,0,38,1,0,0,0,0,0,0,0,0,0,0
Fluc_spike	62	A	5312731,5310131,330,1806,429,0,0,35,124,164,0,0,0,0,0,0,0,0,0
Fluc_spike	63	G	5312772,1284,148,5309746,1584,0,0,10,0,8,0,0,0,0,0,0,0,0,0
Fluc_spike	64	G	5303321,1826,286,5299890,1308,0,0,11,6,59,0,0,0,0,0,0,0,0,0
Fluc_spike	65	C	5326949,799,5324489,256,1335,0,0,70,4,129,0,0,0,0,0,0,0,0,0
Fluc_spike	66	T	5311502,300,2327,172,5308643,0,0,60,4,87,0,0,0,0,0,0,0,0,0
Fluc_spike	67	A	5298114,5295437,582,1637,394,0,0,64,2,58,0,0,0,0,0,0,0,0,0
Fluc_spike	68	T	5316146,548,2050,103,5313387,0,0,58,1,135,0,0,0,0,0,0,0,0,0
Fluc_spike	69	G	5301606,2000,200,5297854,1413,0,0,139,23,379,0,0,0,0,0,0,0,0,0
Fluc_spike	70	A	5309490,5306174,289,2628,389,0,0,10,20,418,0,0,0,0,0,0,0,0,0
Fluc_spike	71	A	5299757,5296409,421,2309,611,0,0,7,2,119,0,0,0,0,0,0,0,0,0
Fluc_spike	72	G	5303558,1739,142,5299875,1681,0,0,121,120,81,0,0,0,0,0,0,0,0,0
Fluc_spike	73	A	5299754,5296633,235,2325,478,0,0,83,4,79,0,0,0,0,0,0,0,0,0
Fluc_spike	74	G	5307576,1542,319,5303525,2109,0,0,81,69,116,0,0,0,0,0,0,0,0,0
Fluc_spike	75	A	5286274,5283567,233,2124,297,0,0,53,65,80,0,0,0,0,0,0,0,0,0
Fluc_spike	76	T	5320319,542,1684,68,5317943,0,0,82,49,266,0,0,0,0,0,0,0,0,0
Fluc_spike	77	A	5302887,5299947,730,1674,271,0,0,265,56,52,0,0,0,0,0,0,0,0,0
Fluc_spike	78	C	5309932,1504,5304809,271,3158,0,0,190,16,162,0,0,0,0,0,0,0,0,0
Fluc_spike	79	G	5295062,2355,988,5290036,1521,0,0,162,34,500,0,0,0,0,0,0,0,0,0
Fluc_spike	80	C	5307597,706,5305721,106,1063,0,0,1,2,0,0,0,0,0,0,0,0,0,0
Fluc_spike	81	C	5309594,986,5306731,130,1746,0,0,1,2,1,0,0,0,0,0,0,0,0,0
Fluc_spike	82	C	5305593,1835,5302150,244,1362,0,0,2,11,81,0,0,0,0,0,0,0,0,0
Fluc_spike	83	T	5306221,337,1915,172,5303717,0,0,80,5,113,0,0,0,0,0,0,0,0,0
Fluc_spike	84	G	5262573,673,28,5261732,140,0,0,0,0,0,0,0,0,0,0,0,0,0,0
Fluc_spike	85	G	5261323,216,81,5260934,92,0,0,0,0,0,0,0,0,0,0,0,0,0,0
Fluc_spike	86	T	4784181,23,121,5,4784032,0,0,0,0,0,0,0,0,0,0,0,0,0,0
Fluc_spike	87	T	806285,3,6,2,806274,0,0,0,0,0,0,0,0,0,0,0,0,0,0
Fluc_spike	88	C	344842,0,344842,0,0,0,0,0,0,0,0,0,0,0,0,0,0,0,0
Fluc_spike	89	C	186523,0,186523,0,0,0,0,0,0,0,0,0,0,0,0,0,0,0,0
glyco_Fluc_spike	1	G	99234,0,0,99234,0,0,0,0,0,0,0,0,0,0,0,0,0,0,0
glyco_Fluc_spike	2	A	129941,129941,0,0,0,0,0,0,0,0,0,0,0,0,0,0,0,0,0
glyco_Fluc_spike	3	A	132014,132014,0,0,0,0,0,0,0,0,0,0,0,0,0,0,0,0,0
glyco_Fluc_spike	4	C	133849,0,133846,1,2,0,0,0,15,0,0,0,0,0,0,0,0,0,0
glyco_Fluc_spike	5	G	149816,51,1,149685,79,0,0,0,2,114,0,0,0,0,0,0,0,0,0
glyco_Fluc_spike	6	A	154233,154039,43,32,5,0,0,114,14,122,0,0,0,0,0,0,0,0,0
glyco_Fluc_spike	7	G	155996,121,16,155705,32,0,0,122,11,52,0,0,0,0,0,0,0,0,0
glyco_Fluc_spike	8	C	156825,6,156610,7,194,0,0,8,0,8,0,0,0,0,0,0,0,0,0
glyco_Fluc_spike	9	C	175093,20,174790,8,269,0,0,6,46,187,0,0,0,0,0,0,0,0,0
glyco_Fluc_spike	10	G	179098,170,44,178787,90,0,0,7,1,53,0,0,0,0,0,0,0,0,0
glyco_Fluc_spike	11	G	179884,201,85,179552,40,0,0,6,8,155,0,0,0,0,0,0,0,0,0
glyco_Fluc_spike	12	C	181017,23,180658,11,183,0,0,142,278,242,0,0,0,0,0,0,0,0,0
glyco_Fluc_spike	13	G	180966,220,84,180278,146,0,0,238,108,384,0,0,0,0,0,0,0,0,0
glyco_Fluc_spike	14	C	181881,7,181573,19,276,0,0,6,5,25,0,0,0,0,0,0,0,0,0
glyco_Fluc_spike	15	C	185214,11,184935,9,240,0,0,19,9,115,0,0,0,0,0,0,0,0,0
glyco_Fluc_spike	16	A	187679,187267,13,61,209,0,0,129,38,204,0,0,0,0,0,0,0,0,0
glyco_Fluc_spike	17	T	188517,3,62,3,188412,0,0,37,0,6,0,0,0,0,0,0,0,0,0
glyco_Fluc_spike	18	T	188668,9,95,6,188547,0,0,11,5,20,0,0,0,0,0,0,0,0,0
glyco_Fluc_spike	19	C	189413,26,189302,5,56,0,0,24,10,83,0,0,0,0,0,0,0,0,0
glyco_Fluc_spike	20	T	189404,8,64,25,189231,0,0,76,12,44,0,0,0,0,0,0,0,0,0
glyco_Fluc_spike	21	A	188921,188711,22,31,110,0,0,47,7,50,0,0,0,0,0,0,0,0,0
glyco_Fluc_spike	22	T	190116,8,95,3,189973,0,0,37,13,59,0,0,0,0,0,0,0,0,0
glyco_Fluc_spike	23	C	190060,6,189920,4,124,0,0,6,1,1329,0,0,0,0,0,0,0,0,0
glyco_Fluc_spike	24	C	188889,14,188787,7,73,0,0,8,3,96,0,0,0,0,0,0,0,0,0
glyco_Fluc_spike	25	T	188939,3,156,2,188682,0,0,96,61,43,0,0,0,0,0,0,0,0,0
glyco_Fluc_spike	26	C	188525,10,188226,3,237,0,0,49,8,243,0,0,0,0,0,0,0,0,0
glyco_Fluc_spike	27	T	189418,7,64,1,189094,0,0,252,13,552,0,0,0,0,0,0,0,0,0
glyco_Fluc_spike	28	A	189637,188915,42,53,135,0,0,492,87,38,0,0,0,0,0,0,0,0,0
glyco_Fluc_spike	29	G	190412,116,96,190057,112,0,0,31,21,194,0,0,0,0,0,0,0,0,0
glyco_Fluc_spike	30	A	190218,189897,20,70,39,0,0,192,47,334,0,0,0,0,0,0,0,0,0
glyco_Fluc_spike	31	G	190108,330,53,189628,96,0,0,1,7,28,0,0,0,0,0,0,0,0,0
glyco_Fluc_spike	32	G	190121,114,25,189921,53,0,0,8,9,62,0,0,0,0,0,0,0,0,0
glyco_Fluc_spike	33	A	190112,189860,9,52,125,0,0,66,8,37,0,0,0,0,0,0,0,0,0
glyco_Fluc_spike	34	T	190930,24,77,102,190668,0,0,59,123,68,0,0,0,0,0,0,0,0,0
glyco_Fluc_spike	35	G	190283,511,53,189613,104,0,0,2,0,2,0,0,0,0,0,0,0,0,0
glyco_Fluc_spike	36	G	190308,167,15,190024,99,0,0,3,101,157,0,0,0,0,0,0,0,0,0
glyco_Fluc_spike	37	A	190274,190137,22,88,25,0,0,2,0,2,0,0,0,0,0,0,0,0,0
glyco_Fluc_spike	38	A	190337,190121,35,61,118,0,0,2,122,196,0,0,0,0,0,0,0,0,0
glyco_Fluc_spike	39	C	191077,10,190646,10,407,0,0,4,0,51,0,0,0,0,0,0,0,0,0
glyco_Fluc_spike	40	C	190917,26,190577,13,298,0,0,3,77,70,0,0,0,0,0,0,0,0,0
glyco_Fluc_spike	41	G	190441,889,117,189320,46,0,0,69,5,25,0,0,0,0,0,0,0,0,0
glyco_Fluc_spike	42	C	190936,7,190827,3,74,0,0,25,14,48,0,0,0,0,0,0,0,0,0
glyco_Fluc_spike	43	T	190829,6,72,15,190679,0,0,57,32,33,0,0,0,0,0,0,0,0,0
glyco_Fluc_spike	44	G	190247,755,35,189390,66,0,0,1,0,0,0,0,0,0,0,0,0,0,0
glyco_Fluc_spike	45	G	190007,693,13,189272,29,0,0,0,1,4,0,0,0,0,0,0,0,0,0
glyco_Fluc_spike	46	C	191136,14,191055,6,57,0,0,4,0,3,0,0,0,0,0,0,0,0,0
glyco_Fluc_spike	47	T	190136,0,7,1,190125,0,0,3,0,0,0,0,0,0,0,0,0,0,0
glyco_Fluc_spike	48	G	187795,19,1,187773,2,0,0,0,0,0,0,0,0,0,0,0,0,0,0
glyco_Fluc_spike	49	G	179862,0,1,179861,0,0,0,0,0,0,0,0,0,0,0,0,0,0,0
glyco_Fluc_spike	50	T	9705,0,0,0,9705,0,0,0,0,0,0,0,0,0,0,0,0,0,0
glyco_Fluc_spike	51	T	8906,0,0,0,8906,0,0,0,0,0,0,0,0,0,0,0,0,0,0
