chr	pos	ref_base	depth,A,C,G,T,N,Skip,Gap,Insert,Delete,,a,c,g,t,n,skip,gap,insert,delete
Fluc_spike	1	G	139138,0,0,139138,0,0,0,0,0,0,0,0,0,0,0,0,0,0,0
Fluc_spike	2	G	151025,0,0,151025,0,0,0,0,0,0,0,0,0,0,0,0,0,0,0
Fluc_spike	3	G	154436,0,0,154436,0,0,0,0,0,0,0,0,0,0,0,0,0,0,0
Fluc_spike	4	A	172474,172449,18,7,0,0,0,0,0,0,0,0,0,0,0,0,0,0,0
Fluc_spike	5	A	173253,173171,36,37,9,0,0,0,5,177,0,0,0,0,0,0,0,0,0
Fluc_spike	6	C	174705,17,174636,2,50,0,0,0,0,0,0,0,0,0,0,0,0,0,0
Fluc_spike	7	C	174769,14,174705,4,46,0,0,0,6,106,0,0,0,0,0,0,0,0,0
Fluc_spike	8	A	173799,173552,81,56,4,0,0,106,3,55,0,0,0,0,0,0,0,0,0
Fluc_spike	9	G	174389,90,24,174104,113,0,0,58,81,51,0,0,0,0,0,0,0,0,0
Fluc_spike	10	C	174974,40,174846,7,81,0,0,0,1,6,0,0,0,0,0,0,0,0,0
Fluc_spike	11	C	174863,35,174742,11,74,0,0,1,12,180,0,0,0,0,0,0,0,0,0
Fluc_spike	12	G	174649,79,35,174370,46,0,0,119,0,9,0,0,0,0,0,0,0,0,0
Fluc_spike	13	G	174690,51,15,174436,70,0,0,118,17,28,0,0,0,0,0,0,0,0,0
Fluc_spike	14	C	175501,23,175344,6,105,0,0,23,12,40,0,0,0,0,0,0,0,0,0
Fluc_spike	15	G	175043,103,27,174750,124,0,0,39,8,216,0,0,0,0,0,0,0,0,0
Fluc_spike	16	C	175648,38,175520,9,78,0,0,3,0,8,0,0,0,0,0,0,0,0,0
Fluc_spike	17	C	175892,26,175770,7,80,0,0,9,11,77,0,0,0,0,0,0,0,0,0
Fluc_spike	18	A	175932,175746,38,41,24,0,0,83,15,87,0,0,0,0,0,0,0,0,0
Fluc_spike	19	T	175921,7,71,2,175833,0,0,8,0,10,0,0,0,0,0,0,0,0,0
Fluc_spike	20	T	176098,3,92,2,175996,0,0,5,13,42,0,0,0,0,0,0,0,0,0
Fluc_spike	21	C	176320,39,176190,3,46,0,0,42,9,25,0,0,0,0,0,0,0,0,0
Fluc_spike	22	T	176237,4,79,3,176127,0,0,24,12,5,0,0,0,0,0,0,0,0,0
Fluc_spike	23	A	175565,175461,30,51,18,0,0,5,7,2,0,0,0,0,0,0,0,0,0
Fluc_spike	24	T	176379,7,63,0,176309,0,0,0,0,6,0,0,0,0,0,0,0,0,0
Fluc_spike	25	C	176419,17,176368,1,33,0,0,0,0,19,0,0,0,0,0,0,0,0,0
Fluc_spike	26	C	176310,62,176220,5,23,0,0,0,0,6,0,0,0,0,0,0,0,0,0
Fluc_spike	27	T	176240,9,97,1,176127,0,0,6,4,2,0,0,0,0,0,0,0,0,0
Fluc_spike	28	C	175002,34,174904,7,55,0,0,2,0,3,0,0,0,0,0,0,0,0,0
Fluc_spike	29	T	176241,9,66,6,176157,0,0,3,0,36,0,0,0,0,0,0,0,0,0
Fluc_spike	30	A	177704,177605,36,45,13,0,0,5,0,3,0,0,0,0,0,0,0,0,0
Fluc_spike	31	G	179077,27,18,178936,93,0,0,3,1,1,0,0,0,0,0,0,0,0,0
Fluc_spike	32	A	179680,179606,7,61,5,0,0,1,1,10,0,0,0,0,0,0,0,0,0
Fluc_spike	33	G	179924,42,6,179824,46,0,0,6,0,2,0,0,0,0,0,0,0,0,0
Fluc_spike	34	G	179800,58,5,179693,38,0,0,6,0,1,0,0,0,0,0,0,0,0,0
Fluc_spike	35	A	179972,179888,20,55,8,0,0,1,0,1,0,0,0,0,0,0,0,0,0
Fluc_spike	36	T	180626,9,59,3,180554,0,0,1,4,3,0,0,0,0,0,0,0,0,0
Fluc_spike	37	G	180131,96,4,180008,23,0,0,0,0,0,0,0,0,0,0,0,0,0,0
Fluc_spike	38	G	180176,53,8,180064,51,0,0,0,1,6,0,0,0,0,0,0,0,0,0
Fluc_spike	39	A	180184,180066,16,94,8,0,0,0,0,0,0,0,0,0,0,0,0,0,0
Fluc_spike	40	A	180306,180239,11,49,7,0,0,0,5,7,0,0,0,0,0,0,0,0,0
Fluc_spike	41	C	181186,32,181065,2,86,0,0,1,0,0,0,0,0,0,0,0,0,0,0
Fluc_spike	42	C	181169,30,181066,27,45,0,0,1,1,4,0,0,0,0,0,0,0,0,0
Fluc_spike	43	G	180056,95,14,179883,60,0,0,4,0,1,0,0,0,0,0,0,0,0,0
Fluc_spike	44	C	181086,20,181037,3,25,0,0,1,0,3,0,0,0,0,0,0,0,0,0
Fluc_spike	45	T	180426,6,77,5,180335,0,0,3,0,11,0,0,0,0,0,0,0,0,0
Fluc_spike	46	G	179901,47,10,179798,43,0,0,3,0,0,0,0,0,0,0,0,0,0,0
Fluc_spike	47	G	180074,44,20,179828,179,0,0,3,0,5,0,0,0,0,0,0,0,0,0
Fluc_spike	48	A	180531,180446,9,63,9,0,0,4,0,0,0,0,0,0,0,0,0,0,0
Fluc_spike	49	G	180037,42,16,179867,112,0,0,0,1,3,0,0,0,0,0,0,0,0,0
Fluc_spike	50	A	180355,180240,42,66,5,0,0,2,0,2,0,0,0,0,0,0,0,0,0
Fluc_spike	51	G	179959,41,14,179826,76,0,0,2,1,5,0,0,0,0,0,0,0,0,0
Fluc_spike	52	C	181613,37,181474,7,92,0,0,3,0,25,0,0,0,0,0,0,0,0,0
Fluc_spike	53	A	181216,181134,5,66,11,0,0,0,0,1,0,0,0,0,0,0,0,0,0
Fluc_spike	54	A	180810,180752,10,37,10,0,0,1,0,2,0,0,0,0,0,0,0,0,0
Fluc_spike	55	C	181788,32,181692,6,55,0,0,3,0,2,0,0,0,0,0,0,0,0,0
Fluc_spike	56	T	181467,15,97,11,181341,0,0,3,0,2,0,0,0,0,0,0,0,0,0
Fluc_spike	57	G	181713,90,18,181550,53,0,0,2,0,0,0,0,0,0,0,0,0,0,0
Fluc_spike	58	C	182765,29,182668,10,58,0,0,0,0,10,0,0,0,0,0,0,0,0,0
Fluc_spike	59	A	182133,182055,15,40,16,0,0,7,0,5,0,0,0,0,0,0,0,0,0
Fluc_spike	60	T	182717,19,47,1,182645,0,0,5,1,25,0,0,0,0,0,0,0,0,0
Fluc_spike	61	A	182955,182895,7,45,6,0,0,2,0,0,0,0,0,0,0,0,0,0,0
Fluc_spike	62	A	183531,183437,13,67,12,0,0,2,3,5,0,0,0,0,0,0,0,0,0
Fluc_spike	63	G	183824,28,4,183743,48,0,0,1,0,0,0,0,0,0,0,0,0,0,0
Fluc_spike	64	G	183544,47,17,183420,60,0,0,0,0,1,0,0,0,0,0,0,0,0,0
Fluc_spike	65	C	184518,25,184443,8,41,0,0,1,0,6,0,0,0,0,0,0,0,0,0
Fluc_spike	66	T	184009,9,65,8,183925,0,0,2,0,2,0,0,0,0,0,0,0,0,0
Fluc_spike	67	A	183697,183607,17,60,12,0,0,1,0,2,0,0,0,0,0,0,0,0,0
Fluc_spike	68	T	184487,8,58,1,184418,0,0,2,0,7,0,0,0,0,0,0,0,0,0
Fluc_spike	69	G	183915,75,7,183768,56,0,0,9,1,13,0,0,0,0,0,0,0,0,0
Fluc_spike	70	A	184346,184260,9,65,12,0,0,0,0,30,0,0,0,0,0,0,0,0,0
Fluc_spike	71	A	184326,184225,20,64,17,0,0,0,0,2,0,0,0,0,0,0,0,0,0
Fluc_spike	72	G	184021,47,4,183899,69,0,0,2,4,2,0,0,0,0,0,0,0,0,0
Fluc_spike	73	A	184060,183967,6,73,12,0,0,2,0,2,0,0,0,0,0,0,0,0,0
Fluc_spike	74	G	184178,40,13,184043,80,0,0,2,1,1,0,0,0,0,0,0,0,0,0
Fluc_spike	75	A	183407,183343,6,45,12,0,0,1,2,2,0,0,0,0,0,0,0,0,0
Fluc_spike	76	T	184604,11,48,1,184543,0,0,1,1,10,0,0,0,0,0,0,0,0,0
Fluc_spike	77	A	184004,183916,18,54,5,0,0,11,0,1,0,0,0,0,0,0,0,0,0
Fluc_spike	78	C	184271,60,184097,10,97,0,0,7,0,11,0,0,0,0,0,0,0,0,0
Fluc_spike	79	G	183895,68,35,183719,62,0,0,11,0,15,0,0,0,0,0,0,0,0,0
Fluc_spike	80	C	184235,31,184157,1,46,0,0,0,0,0,0,0,0,0,0,0,0,0,0
Fluc_spike	81	C	184271,43,184175,4,49,0,0,0,0,0,0,0,0,0,0,0,0,0,0
Fluc_spike	82	C	184260,121,184071,13,55,0,0,0,4,2,0,0,0,0,0,0,0,0,0
Fluc_spike	83	T	184272,6,67,5,184192,0,0,2,0,2,0,0,0,0,0,0,0,0,0
Fluc_spike	84	G	183013,15,0,182993,5,0,0,0,0,0,0,0,0,0,0,0,0,0,0
Fluc_spike	85	G	182962,11,6,182942,3,0,0,0,0,0,0,0,0,0,0,0,0,0,0
Fluc_spike	86	T	167903,5,4,0,167894,0,0,0,0,0,0,0,0,0,0,0,0,0,0
Fluc_spike	87	T	30160,0,1,0,30159,0,0,0,0,0,0,0,0,0,0,0,0,0,0
Fluc_spike	88	C	14677,0,14677,0,0,0,0,0,0,0,0,0,0,0,0,0,0,0,0
Fluc_spike	89	C	10259,0,10259,0,0,0,0,0,0,0,0,0,0,0,0,0,0,0,0
glyco_Fluc_spike	1	G	19498,0,0,19498,0,0,0,0,0,0,0,0,0,0,0,0,0,0,0
glyco_Fluc_spike	2	A	23779,23779,0,0,0,0,0,0,0,0,0,0,0,0,0,0,0,0,0
glyco_Fluc_spike	3	A	24716,24716,0,0,0,0,0,0,0,0,0,0,0,0,0,0,0,0,0
glyco_Fluc_spike	4	C	26494,1,26493,0,0,0,0,0,5,0,0,0,0,0,0,0,0,0,0
glyco_Fluc_spike	5	G	37200,11,0,37179,10,0,0,0,0,26,0,0,0,0,0,0,0,0,0
glyco_Fluc_spike	6	A	38545,38494,19,4,1,0,0,27,1,16,0,0,0,0,0,0,0,0,0
glyco_Fluc_spike	7	G	38983,24,2,38934,7,0,0,16,3,14,0,0,0,0,0,0,0,0,0
glyco_Fluc_spike	8	C	39171,3,39125,2,41,0,0,0,1,4,0,0,0,0,0,0,0,0,0
glyco_Fluc_spike	9	C	41681,7,41606,1,64,0,0,3,10,52,0,0,0,0,0,0,0,0,0
glyco_Fluc_spike	10	G	42398,45,15,42313,19,0,0,6,1,13,0,0,0,0,0,0,0,0,0
glyco_Fluc_spike	11	G	42535,38,18,42464,12,0,0,3,6,49,0,0,0,0,0,0,0,0,0
glyco_Fluc_spike	12	C	42785,5,42679,3,52,0,0,46,58,66,0,0,0,0,0,0,0,0,0
glyco_Fluc_spike	13	G	42708,70,29,42492,51,0,0,66,32,72,0,0,0,0,0,0,0,0,0
glyco_Fluc_spike	14	C	42861,1,42807,2,50,0,0,1,0,4,0,0,0,0,0,0,0,0,0
glyco_Fluc_spike	15	C	43782,4,43708,3,65,0,0,2,1,39,0,0,0,0,0,0,0,0,0
glyco_Fluc_spike	16	A	44834,44736,3,15,41,0,0,39,8,54,0,0,0,0,0,0,0,0,0
glyco_Fluc_spike	17	T	45026,1,18,4,44997,0,0,6,0,4,0,0,0,0,0,0,0,0,0
glyco_Fluc_spike	18	T	45101,2,18,3,45076,0,0,2,1,2,0,0,0,0,0,0,0,0,0
glyco_Fluc_spike	19	C	45239,12,45213,1,11,0,0,2,2,25,0,0,0,0,0,0,0,0,0
glyco_Fluc_spike	20	T	45222,0,16,0,45184,0,0,22,3,8,0,0,0,0,0,0,0,0,0
glyco_Fluc_spike	21	A	45080,45028,10,11,21,0,0,10,0,8,0,0,0,0,0,0,0,0,0
glyco_Fluc_spike	22	T	45379,1,17,0,45353,0,0,8,0,10,0,0,0,0,0,0,0,0,0
glyco_Fluc_spike	23	C	45362,2,45339,0,21,0,0,0,0,248,0,0,0,0,0,0,0,0,0
glyco_Fluc_spike	24	C	45159,4,45132,4,19,0,0,0,5,14,0,0,0,0,0,0,0,0,0
glyco_Fluc_spike	25	T	45135,0,38,3,45081,0,0,13,12,16,0,0,0,0,0,0,0,0,0
glyco_Fluc_spike	26	C	45222,6,45143,0,57,0,0,16,1,63,0,0,0,0,0,0,0,0,0
glyco_Fluc_spike	27	T	45524,1,20,1,45438,0,0,64,2,117,0,0,0,0,0,0,0,0,0
glyco_Fluc_spike	28	A	52979,52815,12,16,33,0,0,103,24,10,0,0,0,0,0,0,0,0,0
glyco_Fluc_spike	29	G	53199,16,32,53108,34,0,0,9,3,34,0,0,0,0,0,0,0,0,0
glyco_Fluc_spike	30	A	53138,53078,2,18,5,0,0,35,11,68,0,0,0,0,0,0,0,0,0
glyco_Fluc_spike	31	G	53143,74,8,53034,26,0,0,1,1,3,0,0,0,0,0,0,0,0,0
glyco_Fluc_spike	32	G	53160,18,6,53126,10,0,0,0,1,11,0,0,0,0,0,0,0,0,0
glyco_Fluc_spike	33	A	53110,53062,3,14,18,0,0,13,5,5,0,0,0,0,0,0,0,0,0
glyco_Fluc_spike	34	T	53381,5,17,26,53324,0,0,9,36,9,0,0,0,0,0,0,0,0,0
glyco_Fluc_spike	35	G	53224,117,11,53071,25,0,0,0,0,2,0,0,0,0,0,0,0,0,0
glyco_Fluc_spike	36	G	53236,33,4,53183,14,0,0,2,26,45,0,0,0,0,0,0,0,0,0
glyco_Fluc_spike	37	A	53156,53117,7,22,8,0,0,2,0,0,0,0,0,0,0,0,0,0,0
glyco_Fluc_spike	38	A	53162,53114,8,13,27,0,0,0,37,44,0,0,0,0,0,0,0,0,0
glyco_Fluc_spike	39	C	53422,6,53318,3,95,0,0,0,0,10,0,0,0,0,0,0,0,0,0
glyco_Fluc_spike	40	C	53402,11,53302,4,85,0,0,0,17,24,0,0,0,0,0,0,0,0,0
glyco_Fluc_spike	41	G	53253,189,25,52996,19,0,0,24,0,2,0,0,0,0,0,0,0,0,0
glyco_Fluc_spike	42	C	53470,8,53442,1,17,0,0,2,1,7,0,0,0,0,0,0,0,0,0
glyco_Fluc_spike	43	T	53415,1,15,1,53391,0,0,7,7,5,0,0,0,0,0,0,0,0,0
glyco_Fluc_spike	44	G	53215,159,9,53032,15,0,0,0,0,0,0,0,0,0,0,0,0,0,0
glyco_Fluc_spike	45	G	53215,171,4,53029,11,0,0,0,0,0,0,0,0,0,0,0,0,0,0
glyco_Fluc_spike	46	C	53433,1,53418,0,14,0,0,0,1,0,0,0,0,0,0,0,0,0,0
glyco_Fluc_spike	47	T	53234,0,3,0,53231,0,0,0,0,0,0,0,0,0,0,0,0,0,0
glyco_Fluc_spike	48	G	52638,4,0,52633,1,0,0,0,0,0,0,0,0,0,0,0,0,0,0
glyco_Fluc_spike	49	G	50135,0,0,50135,0,0,0,0,0,0,0,0,0,0,0,0,0,0,0
glyco_Fluc_spike	50	T	2173,0,0,0,2173,0,0,0,0,0,0,0,0,0,0,0,0,0,0
glyco_Fluc_spike	51	T	1844,0,0,0,1844,0,0,0,0,0,0,0,0,0,0,0,0,0,0
