chr	pos	ref_base	depth,A,C,G,T,N,Skip,Gap,Insert,Delete,,a,c,g,t,n,skip,gap,insert,delete
Fluc_spike	1	G	1588745,0,0,1588745,0,0,0,0,0,0,0,0,0,0,0,0,0,0,0
Fluc_spike	2	G	1728948,0,0,1728948,0,0,0,0,0,0,0,0,0,0,0,0,0,0,0
Fluc_spike	3	G	1770295,0,0,1770295,0,0,0,0,0,0,0,0,0,0,0,0,0,0,0
Fluc_spike	4	A	1984572,1984274,230,64,4,0,0,0,0,0,0,0,0,0,0,0,0,0,0
Fluc_spike	5	A	1994305,1993136,467,637,65,0,0,0,96,2812,0,0,0,0,0,0,0,0,0
Fluc_spike	6	C	2011340,140,2010602,29,568,0,0,1,0,9,0,0,0,0,0,0,0,0,0
Fluc_spike	7	C	2011966,241,2011047,44,625,0,0,9,59,1087,0,0,0,0,0,0,0,0,0
Fluc_spike	8	A	2000348,1997375,1145,689,46,0,0,1093,44,578,0,0,0,0,0,0,0,0,0
Fluc_spike	9	G	2006435,1185,186,2003148,1320,0,0,596,796,894,0,0,0,0,0,0,0,0,0
Fluc_spike	10	C	2014144,393,2012466,95,1174,0,0,16,2,35,0,0,0,0,0,0,0,0,0
Fluc_spike	11	C	2012307,442,2010828,96,925,0,0,16,211,1643,0,0,0,0,0,0,0,0,0
Fluc_spike	12	G	2007740,1108,247,2004979,549,0,0,857,6,152,0,0,0,0,0,0,0,0,0
Fluc_spike	13	G	2008494,657,135,2006318,534,0,0,850,119,388,0,0,0,0,0,0,0,0,0
Fluc_spike	14	C	2019063,314,2016985,123,1284,0,0,357,136,478,0,0,0,0,0,0,0,0,0
Fluc_spike	15	G	2012946,1281,280,2009584,1320,0,0,481,114,2594,0,0,0,0,0,0,0,0,0
Fluc_spike	16	C	2020479,324,2019143,85,852,0,0,75,4,95,0,0,0,0,0,0,0,0,0
Fluc_spike	17	C	2022540,338,2020940,75,1045,0,0,142,124,888,0,0,0,0,0,0,0,0,0
Fluc_spike	18	A	2021403,2019072,426,611,307,0,0,987,184,1008,0,0,0,0,0,0,0,0,0
Fluc_spike	19	T	2020837,62,865,24,2019777,0,0,109,4,83,0,0,0,0,0,0,0,0,0
Fluc_spike	20	T	2023997,81,1116,22,2022721,0,0,57,85,588,0,0,0,0,0,0,0,0,0
Fluc_spike	21	C	2026449,510,2024647,73,627,0,0,592,95,352,0,0,0,0,0,0,0,0,0
Fluc_spike	22	T	2025419,100,939,36,2024008,0,0,336,182,81,0,0,0,0,0,0,0,0,0
Fluc_spike	23	A	2017120,2015629,558,657,194,0,0,82,90,31,0,0,0,0,0,0,0,0,0
Fluc_spike	24	T	2027080,134,745,13,2026164,0,0,24,5,86,0,0,0,0,0,0,0,0,0
Fluc_spike	25	C	2027503,294,2026633,56,516,0,0,4,1,232,0,0,0,0,0,0,0,0,0
Fluc_spike	26	C	2026215,745,2024960,95,411,0,0,4,1,32,0,0,0,0,0,0,0,0,0
Fluc_spike	27	T	2024932,88,1206,31,2023576,0,0,31,34,16,0,0,0,0,0,0,0,0,0
Fluc_spike	28	C	2011119,557,2009898,56,590,0,0,18,0,45,0,0,0,0,0,0,0,0,0
Fluc_spike	29	T	2024663,170,749,60,2023637,0,0,47,2,423,0,0,0,0,0,0,0,0,0
Fluc_spike	30	A	2038698,2037312,514,628,168,0,0,76,4,16,0,0,0,0,0,0,0,0,0
Fluc_spike	31	G	2048225,443,269,2046505,990,0,0,18,23,29,0,0,0,0,0,0,0,0,0
Fluc_spike	32	A	2053238,2052228,170,748,61,0,0,31,4,103,0,0,0,0,0,0,0,0,0
Fluc_spike	33	G	2054766,531,53,2053517,639,0,0,26,4,7,0,0,0,0,0,0,0,0,0
Fluc_spike	34	G	2053439,693,43,2052299,375,0,0,29,3,10,0,0,0,0,0,0,0,0,0
Fluc_spike	35	A	2055737,2054692,237,665,129,0,0,14,5,10,0,0,0,0,0,0,0,0,0
Fluc_spike	36	T	2063358,191,797,73,2062282,0,0,15,7,81,0,0,0,0,0,0,0,0,0
Fluc_spike	37	G	2056859,1189,55,2055163,451,0,0,1,0,0,0,0,0,0,0,0,0,0,0
Fluc_spike	38	G	2057425,635,79,2056127,583,0,0,1,6,68,0,0,0,0,0,0,0,0,0
Fluc_spike	39	A	2057505,2056113,174,1123,93,0,0,2,0,0,0,0,0,0,0,0,0,0,0
Fluc_spike	40	A	2058866,2058012,168,627,57,0,0,2,86,39,0,0,0,0,0,0,0,0,0
Fluc_spike	41	C	2069633,310,2068339,78,901,0,0,5,6,27,0,0,0,0,0,0,0,0,0
Fluc_spike	42	C	2069634,389,2068188,333,718,0,0,6,42,73,0,0,0,0,0,0,0,0,0
Fluc_spike	43	G	2055390,1263,116,2053277,655,0,0,79,0,19,0,0,0,0,0,0,0,0,0
Fluc_spike	44	C	2069961,272,2069341,26,297,0,0,25,0,22,0,0,0,0,0,0,0,0,0
Fluc_spike	45	T	2061584,145,1098,55,2060264,0,0,22,0,134,0,0,0,0,0,0,0,0,0
Fluc_spike	46	G	2054718,642,118,2053281,663,0,0,14,4,9,0,0,0,0,0,0,0,0,0
Fluc_spike	47	G	2057295,576,194,2054645,1868,0,0,12,0,27,0,0,0,0,0,0,0,0,0
Fluc_spike	48	A	2064080,2062891,88,898,177,0,0,26,0,7,0,0,0,0,0,0,0,0,0
Fluc_spike	49	G	2055307,487,177,2053148,1488,0,0,7,4,20,0,0,0,0,0,0,0,0,0
Fluc_spike	50	A	2060245,2058750,436,909,127,0,0,23,3,52,0,0,0,0,0,0,0,0,0
Fluc_spike	51	G	2055151,564,131,2053686,736,0,0,34,80,43,0,0,0,0,0,0,0,0,0
Fluc_spike	52	C	2073893,402,2072277,83,1108,0,0,23,25,240,0,0,0,0,0,0,0,0,0
Fluc_spike	53	A	2069428,2068123,139,983,163,0,0,20,0,12,0,0,0,0,0,0,0,0,0
Fluc_spike	54	A	2065148,2064204,124,645,143,0,0,32,2,11,0,0,0,0,0,0,0,0,0
Fluc_spike	55	C	2076296,401,2075090,61,725,0,0,19,0,28,0,0,0,0,0,0,0,0,0
Fluc_spike	56	T	2071344,170,1132,101,2069912,0,0,29,0,39,0,0,0,0,0,0,0,0,0
Fluc_spike	57	G	2072956,1126,230,2070993,561,0,0,46,0,7,0,0,0,0,0,0,0,0,0
Fluc_spike	58	C	2085832,471,2084437,88,824,0,0,12,1,83,0,0,0,0,0,0,0,0,0
Fluc_spike	59	A	2079004,2077901,196,703,150,0,0,54,12,33,0,0,0,0,0,0,0,0,0
Fluc_spike	60	T	2084947,256,692,14,2083950,0,0,35,9,290,0,0,0,0,0,0,0,0,0
Fluc_spike	61	A	2094110,2093126,95,813,61,0,0,15,1,2,0,0,0,0,0,0,0,0,0
Fluc_spike	62	A	2100072,2099039,121,718,177,0,0,17,41,57,0,0,0,0,0,0,0,0,0
Fluc_spike	63	G	2101743,490,73,2100381,790,0,0,9,0,1,0,0,0,0,0,0,0,0,0
Fluc_spike	64	G	2098127,632,122,2096788,581,0,0,4,0,15,0,0,0,0,0,0,0,0,0
Fluc_spike	65	C	2110086,320,2109075,82,589,0,0,20,0,49,0,0,0,0,0,0,0,0,0
Fluc_spike	66	T	2102741,118,952,60,2101596,0,0,15,0,42,0,0,0,0,0,0,0,0,0
Fluc_spike	67	A	2100156,2099035,299,621,170,0,0,31,1,13,0,0,0,0,0,0,0,0,0
Fluc_spike	68	T	2109904,143,885,36,2108821,0,0,19,1,53,0,0,0,0,0,0,0,0,0
Fluc_spike	69	G	2102649,775,89,2101092,639,0,0,54,4,153,0,0,0,0,0,0,0,0,0
Fluc_spike	70	A	2108602,2107271,148,1009,167,0,0,7,4,293,0,0,0,0,0,0,0,0,0
Fluc_spike	71	A	2107484,2106158,205,900,218,0,0,3,2,43,0,0,0,0,0,0,0,0,0
Fluc_spike	72	G	2103965,686,58,2102377,799,0,0,45,68,43,0,0,0,0,0,0,0,0,0
Fluc_spike	73	A	2103628,2102471,114,846,150,0,0,47,1,28,0,0,0,0,0,0,0,0,0
Fluc_spike	74	G	2105830,518,142,2104260,882,0,0,28,18,27,0,0,0,0,0,0,0,0,0
Fluc_spike	75	A	2096407,2095374,100,805,117,0,0,11,16,23,0,0,0,0,0,0,0,0,0
Fluc_spike	76	T	2110973,182,639,25,2110104,0,0,23,17,133,0,0,0,0,0,0,0,0,0
Fluc_spike	77	A	2103730,2102505,295,686,112,0,0,132,17,16,0,0,0,0,0,0,0,0,0
Fluc_spike	78	C	2106965,669,2104710,121,1365,0,0,100,4,85,0,0,0,0,0,0,0,0,0
Fluc_spike	79	G	2101487,868,364,2099506,666,0,0,83,10,180,0,0,0,0,0,0,0,0,0
Fluc_spike	80	C	2106113,312,2105295,52,453,0,0,1,2,0,0,0,0,0,0,0,0,0,0
Fluc_spike	81	C	2106648,563,2105408,63,613,0,0,1,0,3,0,0,0,0,0,0,0,0,0
Fluc_spike	82	C	2105760,1398,2103743,120,495,0,0,4,2,30,0,0,0,0,0,0,0,0,0
Fluc_spike	83	T	2106100,106,739,55,2105167,0,0,33,0,24,0,0,0,0,0,0,0,0,0
Fluc_spike	84	G	2089606,240,10,2089261,95,0,0,0,0,0,0,0,0,0,0,0,0,0,0
Fluc_spike	85	G	2089854,67,62,2089683,42,0,0,0,0,0,0,0,0,0,0,0,0,0,0
Fluc_spike	86	T	1910899,6,54,5,1910834,0,0,0,0,0,0,0,0,0,0,0,0,0,0
Fluc_spike	87	T	338572,0,8,0,338564,0,0,0,0,0,0,0,0,0,0,0,0,0,0
Fluc_spike	88	C	156472,0,156472,0,0,0,0,0,0,0,0,0,0,0,0,0,0,0,0
Fluc_spike	89	C	106120,0,106120,0,0,0,0,0,0,0,0,0,0,0,0,0,0,0,0
glyco_Fluc_spike	1	G	25807,0,0,25807,0,0,0,0,0,0,0,0,0,0,0,0,0,0,0
glyco_Fluc_spike	2	A	30852,30852,0,0,0,0,0,0,0,0,0,0,0,0,0,0,0,0,0
glyco_Fluc_spike	3	A	31656,31656,0,0,0,0,0,0,0,0,0,0,0,0,0,0,0,0,0
glyco_Fluc_spike	4	C	32777,1,32776,0,0,0,0,0,2,0,0,0,0,0,0,0,0,0,0
glyco_Fluc_spike	5	G	49654,10,0,49620,24,0,0,0,1,34,0,0,0,0,0,0,0,0,0
glyco_Fluc_spike	6	A	51683,51617,20,11,1,0,0,34,4,34,0,0,0,0,0,0,0,0,0
glyco_Fluc_spike	7	G	52268,26,6,52197,5,0,0,34,2,16,0,0,0,0,0,0,0,0,0
glyco_Fluc_spike	8	C	52568,2,52517,2,47,0,0,0,0,3,0,0,0,0,0,0,0,0,0
glyco_Fluc_spike	9	C	56393,8,56295,3,85,0,0,2,12,53,0,0,0,0,0,0,0,0,0
glyco_Fluc_spike	10	G	57321,68,13,57213,24,0,0,3,1,22,0,0,0,0,0,0,0,0,0
glyco_Fluc_spike	11	G	57442,59,13,57364,5,0,0,1,2,38,0,0,0,0,0,0,0,0,0
glyco_Fluc_spike	12	C	57729,6,57642,7,42,0,0,32,80,62,0,0,0,0,0,0,0,0,0
glyco_Fluc_spike	13	G	57597,75,34,57360,66,0,0,62,24,129,0,0,0,0,0,0,0,0,0
glyco_Fluc_spike	14	C	57798,2,57704,10,80,0,0,2,0,6,0,0,0,0,0,0,0,0,0
glyco_Fluc_spike	15	C	58782,9,58692,2,73,0,0,6,2,50,0,0,0,0,0,0,0,0,0
glyco_Fluc_spike	16	A	60396,60275,3,15,48,0,0,55,14,53,0,0,0,0,0,0,0,0,0
glyco_Fluc_spike	17	T	60708,1,13,2,60678,0,0,14,0,2,0,0,0,0,0,0,0,0,0
glyco_Fluc_spike	18	T	60794,4,28,3,60757,0,0,2,1,3,0,0,0,0,0,0,0,0,0
glyco_Fluc_spike	19	C	60965,8,60939,0,15,0,0,3,1,22,0,0,0,0,0,0,0,0,0
glyco_Fluc_spike	20	T	60957,2,12,2,60918,0,0,23,3,4,0,0,0,0,0,0,0,0,0
glyco_Fluc_spike	21	A	60709,60656,10,22,17,0,0,4,3,11,0,0,0,0,0,0,0,0,0
glyco_Fluc_spike	22	T	61117,2,25,3,61076,0,0,11,1,17,0,0,0,0,0,0,0,0,0
glyco_Fluc_spike	23	C	61091,4,61058,1,25,0,0,3,2,342,0,0,0,0,0,0,0,0,0
glyco_Fluc_spike	24	C	60818,7,60781,2,24,0,0,4,0,28,0,0,0,0,0,0,0,0,0
glyco_Fluc_spike	25	T	60825,3,48,3,60743,0,0,28,16,9,0,0,0,0,0,0,0,0,0
glyco_Fluc_spike	26	C	60702,7,60588,1,93,0,0,13,2,59,0,0,0,0,0,0,0,0,0
glyco_Fluc_spike	27	T	61322,1,20,0,61238,0,0,63,4,135,0,0,0,0,0,0,0,0,0
glyco_Fluc_spike	28	A	72103,71908,10,11,58,0,0,116,36,18,0,0,0,0,0,0,0,0,0
glyco_Fluc_spike	29	G	72346,35,34,72226,36,0,0,15,5,33,0,0,0,0,0,0,0,0,0
glyco_Fluc_spike	30	A	72330,72256,6,21,13,0,0,34,15,90,0,0,0,0,0,0,0,0,0
glyco_Fluc_spike	31	G	72308,99,6,72174,29,0,0,0,3,5,0,0,0,0,0,0,0,0,0
glyco_Fluc_spike	32	G	72279,21,2,72240,15,0,0,1,2,14,0,0,0,0,0,0,0,0,0
glyco_Fluc_spike	33	A	72281,72225,8,15,18,0,0,15,2,4,0,0,0,0,0,0,0,0,0
glyco_Fluc_spike	34	T	72616,7,27,22,72552,0,0,8,38,17,0,0,0,0,0,0,0,0,0
glyco_Fluc_spike	35	G	72340,195,12,72106,26,0,0,1,0,0,0,0,0,0,0,0,0,0,0
glyco_Fluc_spike	36	G	72371,48,3,72290,29,0,0,1,50,38,0,0,0,0,0,0,0,0,0
glyco_Fluc_spike	37	A	72290,72244,11,24,10,0,0,1,0,1,0,0,0,0,0,0,0,0,0
glyco_Fluc_spike	38	A	72262,72209,10,15,27,0,0,1,41,63,0,0,0,0,0,0,0,0,0
glyco_Fluc_spike	39	C	72670,11,72516,3,139,0,0,1,0,19,0,0,0,0,0,0,0,0,0
glyco_Fluc_spike	40	C	72589,11,72474,5,99,0,0,0,24,17,0,0,0,0,0,0,0,0,0
glyco_Fluc_spike	41	G	72373,287,48,72002,19,0,0,17,0,6,0,0,0,0,0,0,0,0,0
glyco_Fluc_spike	42	C	72576,5,72540,1,24,0,0,6,6,5,0,0,0,0,0,0,0,0,0
glyco_Fluc_spike	43	T	72545,1,25,5,72507,0,0,7,14,2,0,0,0,0,0,0,0,0,0
glyco_Fluc_spike	44	G	72274,221,11,72019,23,0,0,0,0,0,0,0,0,0,0,0,0,0,0
glyco_Fluc_spike	45	G	72296,251,7,72026,12,0,0,0,0,2,0,0,0,0,0,0,0,0,0
glyco_Fluc_spike	46	C	72683,5,72661,1,14,0,0,2,1,2,0,0,0,0,0,0,0,0,0
glyco_Fluc_spike	47	T	72339,0,1,0,72336,0,0,2,0,0,0,0,0,0,0,0,0,0,0
glyco_Fluc_spike	48	G	71604,4,1,71599,0,0,0,0,0,0,0,0,0,0,0,0,0,0,0
glyco_Fluc_spike	49	G	68794,0,0,68794,0,0,0,0,0,0,0,0,0,0,0,0,0,0,0
glyco_Fluc_spike	50	T	2822,0,0,0,2822,0,0,0,0,0,0,0,0,0,0,0,0,0,0
glyco_Fluc_spike	51	T	2581,0,0,0,2581,0,0,0,0,0,0,0,0,0,0,0,0,0,0
