chr	pos	ref_base	depth,A,C,G,T,N,Skip,Gap,Insert,Delete,,a,c,g,t,n,skip,gap,insert,delete
Fluc_spike	1	G	109240,0,0,109240,0,0,0,0,0,0,0,0,0,0,0,0,0,0,0
Fluc_spike	2	G	117736,0,0,117736,0,0,0,0,0,0,0,0,0,0,0,0,0,0,0
Fluc_spike	3	G	119984,0,0,119984,0,0,0,0,0,0,0,0,0,0,0,0,0,0,0
Fluc_spike	4	A	132507,132489,12,6,0,0,0,0,0,0,0,0,0,0,0,0,0,0,0
Fluc_spike	5	A	133014,132938,29,44,3,0,0,0,5,211,0,0,0,0,0,0,0,0,0
Fluc_spike	6	C	134023,12,133966,2,43,0,0,0,0,1,0,0,0,0,0,0,0,0,0
Fluc_spike	7	C	134045,16,133987,0,41,0,0,1,5,89,0,0,0,0,0,0,0,0,0
Fluc_spike	8	A	133313,133102,63,55,3,0,0,90,4,31,0,0,0,0,0,0,0,0,0
Fluc_spike	9	G	133794,68,17,133577,100,0,0,32,16,41,0,0,0,0,0,0,0,0,0
Fluc_spike	10	C	134299,41,134180,7,71,0,0,0,0,0,0,0,0,0,0,0,0,0,0
Fluc_spike	11	C	134133,34,134028,7,64,0,0,0,12,61,0,0,0,0,0,0,0,0,0
Fluc_spike	12	G	133842,74,9,133709,40,0,0,10,2,9,0,0,0,0,0,0,0,0,0
Fluc_spike	13	G	133890,28,4,133808,40,0,0,10,8,18,0,0,0,0,0,0,0,0,0
Fluc_spike	14	C	134546,15,134422,8,84,0,0,17,12,16,0,0,0,0,0,0,0,0,0
Fluc_spike	15	G	134140,90,15,133941,77,0,0,17,3,151,0,0,0,0,0,0,0,0,0
Fluc_spike	16	C	134623,24,134548,4,41,0,0,6,0,7,0,0,0,0,0,0,0,0,0
Fluc_spike	17	C	134713,23,134610,8,61,0,0,11,2,30,0,0,0,0,0,0,0,0,0
Fluc_spike	18	A	134488,134356,28,51,18,0,0,35,14,53,0,0,0,0,0,0,0,0,0
Fluc_spike	19	T	134439,2,59,1,134374,0,0,3,0,2,0,0,0,0,0,0,0,0,0
Fluc_spike	20	T	134647,9,75,2,134559,0,0,2,6,31,0,0,0,0,0,0,0,0,0
Fluc_spike	21	C	134766,45,134659,1,30,0,0,31,8,14,0,0,0,0,0,0,0,0,0
Fluc_spike	22	T	134693,4,55,2,134618,0,0,14,18,3,0,0,0,0,0,0,0,0,0
Fluc_spike	23	A	134092,134006,28,42,13,0,0,3,2,0,0,0,0,0,0,0,0,0,0
Fluc_spike	24	T	134800,14,55,0,134731,0,0,0,1,2,0,0,0,0,0,0,0,0,0
Fluc_spike	25	C	134804,19,134756,1,28,0,0,0,1,14,0,0,0,0,0,0,0,0,0
Fluc_spike	26	C	134720,54,134638,5,23,0,0,0,0,3,0,0,0,0,0,0,0,0,0
Fluc_spike	27	T	134630,7,68,3,134549,0,0,3,1,2,0,0,0,0,0,0,0,0,0
Fluc_spike	28	C	133642,30,133573,5,32,0,0,2,0,3,0,0,0,0,0,0,0,0,0
Fluc_spike	29	T	134660,7,37,0,134613,0,0,3,0,28,0,0,0,0,0,0,0,0,0
Fluc_spike	30	A	134863,134753,36,55,17,0,0,2,0,0,0,0,0,0,0,0,0,0,0
Fluc_spike	31	G	135549,34,13,135443,59,0,0,0,0,0,0,0,0,0,0,0,0,0,0
Fluc_spike	32	A	135905,135857,9,35,4,0,0,0,0,2,0,0,0,0,0,0,0,0,0
Fluc_spike	33	G	136018,20,2,135952,43,0,0,1,0,0,0,0,0,0,0,0,0,0,0
Fluc_spike	34	G	135926,42,5,135850,28,0,0,1,0,0,0,0,0,0,0,0,0,0,0
Fluc_spike	35	A	136068,136007,13,40,8,0,0,0,0,0,0,0,0,0,0,0,0,0,0
Fluc_spike	36	T	136524,11,39,6,136468,0,0,0,0,3,0,0,0,0,0,0,0,0,0
Fluc_spike	37	G	136120,77,6,135997,40,0,0,0,0,0,0,0,0,0,0,0,0,0,0
Fluc_spike	38	G	136188,37,7,136102,42,0,0,0,1,3,0,0,0,0,0,0,0,0,0
Fluc_spike	39	A	136175,136078,8,82,7,0,0,0,0,0,0,0,0,0,0,0,0,0,0
Fluc_spike	40	A	136268,136211,6,51,0,0,0,0,2,1,0,0,0,0,0,0,0,0,0
Fluc_spike	41	C	136967,21,136885,6,55,0,0,0,0,1,0,0,0,0,0,0,0,0,0
Fluc_spike	42	C	136958,29,136866,13,50,0,0,0,0,1,0,0,0,0,0,0,0,0,0
Fluc_spike	43	G	136004,62,13,135889,39,0,0,1,0,1,0,0,0,0,0,0,0,0,0
Fluc_spike	44	C	136870,15,136835,2,17,0,0,1,0,1,0,0,0,0,0,0,0,0,0
Fluc_spike	45	T	136312,8,60,8,136234,0,0,2,0,3,0,0,0,0,0,0,0,0,0
Fluc_spike	46	G	135880,31,8,135793,48,0,0,0,0,0,0,0,0,0,0,0,0,0,0
Fluc_spike	47	G	136021,50,14,135815,142,0,0,0,0,1,0,0,0,0,0,0,0,0,0
Fluc_spike	48	A	136394,136321,7,56,9,0,0,1,0,0,0,0,0,0,0,0,0,0,0
Fluc_spike	49	G	135790,27,11,135635,117,0,0,0,0,1,0,0,0,0,0,0,0,0,0
Fluc_spike	50	A	136150,136052,33,55,9,0,0,1,0,2,0,0,0,0,0,0,0,0,0
Fluc_spike	51	G	135760,30,5,135662,61,0,0,2,5,2,0,0,0,0,0,0,0,0,0
Fluc_spike	52	C	136975,16,136889,4,65,0,0,1,2,15,0,0,0,0,0,0,0,0,0
Fluc_spike	53	A	136622,136531,9,61,19,0,0,2,0,1,0,0,0,0,0,0,0,0,0
Fluc_spike	54	A	136352,136293,9,41,6,0,0,3,0,0,0,0,0,0,0,0,0,0,0
Fluc_spike	55	C	137062,36,136977,9,38,0,0,2,0,1,0,0,0,0,0,0,0,0,0
Fluc_spike	56	T	136710,12,77,4,136616,0,0,1,0,1,0,0,0,0,0,0,0,0,0
Fluc_spike	57	G	136632,62,22,136508,39,0,0,1,0,0,0,0,0,0,0,0,0,0,0
Fluc_spike	58	C	137426,31,137343,6,46,0,0,0,0,4,0,0,0,0,0,0,0,0,0
Fluc_spike	59	A	136944,136862,21,47,11,0,0,3,1,0,0,0,0,0,0,0,0,0,0
Fluc_spike	60	T	137315,9,37,3,137266,0,0,0,1,18,0,0,0,0,0,0,0,0,0
Fluc_spike	61	A	137231,137165,2,59,4,0,0,1,0,0,0,0,0,0,0,0,0,0,0
Fluc_spike	62	A	137612,137550,8,45,8,0,0,1,2,1,0,0,0,0,0,0,0,0,0
Fluc_spike	63	G	137671,34,7,137587,42,0,0,1,0,0,0,0,0,0,0,0,0,0,0
Fluc_spike	64	G	137441,40,6,137360,35,0,0,0,1,1,0,0,0,0,0,0,0,0,0
Fluc_spike	65	C	138160,24,138087,11,37,0,0,1,0,3,0,0,0,0,0,0,0,0,0
Fluc_spike	66	T	137690,9,62,3,137615,0,0,1,0,5,0,0,0,0,0,0,0,0,0
Fluc_spike	67	A	137263,137187,19,53,3,0,0,1,0,1,0,0,0,0,0,0,0,0,0
Fluc_spike	68	T	137906,14,48,1,137842,0,0,1,0,3,0,0,0,0,0,0,0,0,0
Fluc_spike	69	G	137399,48,8,137302,37,0,0,4,0,7,0,0,0,0,0,0,0,0,0
Fluc_spike	70	A	137864,137779,4,71,10,0,0,0,0,14,0,0,0,0,0,0,0,0,0
Fluc_spike	71	A	137794,137710,15,54,15,0,0,0,0,2,0,0,0,0,0,0,0,0,0
Fluc_spike	72	G	137553,41,8,137436,66,0,0,2,6,7,0,0,0,0,0,0,0,0,0
Fluc_spike	73	A	137593,137512,2,61,11,0,0,7,0,6,0,0,0,0,0,0,0,0,0
Fluc_spike	74	G	137686,36,12,137557,75,0,0,6,0,2,0,0,0,0,0,0,0,0,0
Fluc_spike	75	A	137038,136977,5,46,9,0,0,1,1,2,0,0,0,0,0,0,0,0,0
Fluc_spike	76	T	138022,9,38,2,137970,0,0,3,0,5,0,0,0,0,0,0,0,0,0
Fluc_spike	77	A	137573,137492,20,48,7,0,0,6,0,2,0,0,0,0,0,0,0,0,0
Fluc_spike	78	C	137771,41,137634,11,78,0,0,7,0,2,0,0,0,0,0,0,0,0,0
Fluc_spike	79	G	137419,51,31,137288,48,0,0,1,1,12,0,0,0,0,0,0,0,0,0
Fluc_spike	80	C	137768,16,137720,2,30,0,0,0,0,0,0,0,0,0,0,0,0,0,0
Fluc_spike	81	C	137829,31,137765,2,31,0,0,0,0,0,0,0,0,0,0,0,0,0,0
Fluc_spike	82	C	137774,71,137676,5,22,0,0,0,0,1,0,0,0,0,0,0,0,0,0
Fluc_spike	83	T	137775,6,51,6,137711,0,0,1,0,1,0,0,0,0,0,0,0,0,0
Fluc_spike	84	G	136801,10,0,136785,6,0,0,0,0,0,0,0,0,0,0,0,0,0,0
Fluc_spike	85	G	136771,2,1,136765,3,0,0,0,0,0,0,0,0,0,0,0,0,0,0
Fluc_spike	86	T	126291,1,2,0,126288,0,0,0,0,0,0,0,0,0,0,0,0,0,0
Fluc_spike	87	T	17773,0,0,0,17773,0,0,0,0,0,0,0,0,0,0,0,0,0,0
Fluc_spike	88	C	7240,0,7240,0,0,0,0,0,0,0,0,0,0,0,0,0,0,0,0
Fluc_spike	89	C	4563,0,4563,0,0,0,0,0,0,0,0,0,0,0,0,0,0,0,0
glyco_Fluc_spike	1	G	17326,0,0,17326,0,0,0,0,0,0,0,0,0,0,0,0,0,0,0
glyco_Fluc_spike	2	A	19576,19576,0,0,0,0,0,0,0,0,0,0,0,0,0,0,0,0,0
glyco_Fluc_spike	3	A	19997,19997,0,0,0,0,0,0,0,0,0,0,0,0,0,0,0,0,0
glyco_Fluc_spike	4	C	20770,0,20768,0,2,0,0,0,5,0,0,0,0,0,0,0,0,0,0
glyco_Fluc_spike	5	G	27047,15,0,27020,12,0,0,0,0,12,0,0,0,0,0,0,0,0,0
glyco_Fluc_spike	6	A	27711,27682,10,6,1,0,0,12,3,23,0,0,0,0,0,0,0,0,0
glyco_Fluc_spike	7	G	28088,39,0,28021,5,0,0,23,2,5,0,0,0,0,0,0,0,0,0
glyco_Fluc_spike	8	C	28228,1,28205,1,21,0,0,0,0,1,0,0,0,0,0,0,0,0,0
glyco_Fluc_spike	9	C	30921,9,30882,3,26,0,0,1,10,24,0,0,0,0,0,0,0,0,0
glyco_Fluc_spike	10	G	31379,35,8,31314,20,0,0,2,0,2,0,0,0,0,0,0,0,0,0
glyco_Fluc_spike	11	G	31479,41,6,31425,6,0,0,1,1,21,0,0,0,0,0,0,0,0,0
glyco_Fluc_spike	12	C	31642,3,31584,2,33,0,0,20,52,17,0,0,0,0,0,0,0,0,0
glyco_Fluc_spike	13	G	31572,39,12,31466,38,0,0,17,9,52,0,0,0,0,0,0,0,0,0
glyco_Fluc_spike	14	C	31698,3,31644,3,48,0,0,0,1,0,0,0,0,0,0,0,0,0,0
glyco_Fluc_spike	15	C	32104,1,32073,1,29,0,0,0,0,13,0,0,0,0,0,0,0,0,0
glyco_Fluc_spike	16	A	32279,32225,2,11,29,0,0,12,5,28,0,0,0,0,0,0,0,0,0
glyco_Fluc_spike	17	T	32386,1,13,0,32369,0,0,3,0,1,0,0,0,0,0,0,0,0,0
glyco_Fluc_spike	18	T	32426,0,16,1,32407,0,0,2,0,3,0,0,0,0,0,0,0,0,0
glyco_Fluc_spike	19	C	32503,8,32481,1,10,0,0,3,0,8,0,0,0,0,0,0,0,0,0
glyco_Fluc_spike	20	T	32468,1,12,1,32447,0,0,7,0,3,0,0,0,0,0,0,0,0,0
glyco_Fluc_spike	21	A	32334,32312,4,8,7,0,0,3,2,6,0,0,0,0,0,0,0,0,0
glyco_Fluc_spike	22	T	32541,1,12,1,32525,0,0,2,1,6,0,0,0,0,0,0,0,0,0
glyco_Fluc_spike	23	C	32528,3,32508,2,15,0,0,0,0,241,0,0,0,0,0,0,0,0,0
glyco_Fluc_spike	24	C	32293,5,32278,2,8,0,0,0,0,5,0,0,0,0,0,0,0,0,0
glyco_Fluc_spike	25	T	32293,0,24,0,32264,0,0,5,13,4,0,0,0,0,0,0,0,0,0
glyco_Fluc_spike	26	C	32196,8,32152,1,31,0,0,4,1,19,0,0,0,0,0,0,0,0,0
glyco_Fluc_spike	27	T	32431,2,11,0,32401,0,0,17,2,42,0,0,0,0,0,0,0,0,0
glyco_Fluc_spike	28	A	36111,36036,7,9,21,0,0,38,15,6,0,0,0,0,0,0,0,0,0
glyco_Fluc_spike	29	G	36216,14,23,36158,16,0,0,5,2,17,0,0,0,0,0,0,0,0,0
glyco_Fluc_spike	30	A	36178,36145,1,11,4,0,0,17,14,43,0,0,0,0,0,0,0,0,0
glyco_Fluc_spike	31	G	36181,49,10,36102,20,0,0,0,0,3,0,0,0,0,0,0,0,0,0
glyco_Fluc_spike	32	G	36182,16,0,36159,6,0,0,1,0,4,0,0,0,0,0,0,0,0,0
glyco_Fluc_spike	33	A	36165,36144,0,9,7,0,0,5,0,1,0,0,0,0,0,0,0,0,0
glyco_Fluc_spike	34	T	36336,4,14,8,36308,0,0,2,12,3,0,0,0,0,0,0,0,0,0
glyco_Fluc_spike	35	G	36233,69,3,36145,16,0,0,0,0,0,0,0,0,0,0,0,0,0,0
glyco_Fluc_spike	36	G	36239,14,2,36203,20,0,0,0,17,22,0,0,0,0,0,0,0,0,0
glyco_Fluc_spike	37	A	36192,36169,4,18,0,0,0,1,0,0,0,0,0,0,0,0,0,0,0
glyco_Fluc_spike	38	A	36181,36147,6,11,16,0,0,1,16,33,0,0,0,0,0,0,0,0,0
glyco_Fluc_spike	39	C	36359,2,36287,2,68,0,0,0,0,13,0,0,0,0,0,0,0,0,0
glyco_Fluc_spike	40	C	36317,9,36271,1,36,0,0,0,6,5,0,0,0,0,0,0,0,0,0
glyco_Fluc_spike	41	G	36254,130,18,36093,9,0,0,4,1,1,0,0,0,0,0,0,0,0,0
glyco_Fluc_spike	42	C	36309,1,36299,0,8,0,0,1,2,4,0,0,0,0,0,0,0,0,0
glyco_Fluc_spike	43	T	36296,1,9,0,36282,0,0,4,5,3,0,0,0,0,0,0,0,0,0
glyco_Fluc_spike	44	G	36176,102,0,36066,8,0,0,0,0,0,0,0,0,0,0,0,0,0,0
glyco_Fluc_spike	45	G	36174,124,1,36036,13,0,0,0,0,1,0,0,0,0,0,0,0,0,0
glyco_Fluc_spike	46	C	36367,3,36350,1,12,0,0,1,0,0,0,0,0,0,0,0,0,0,0
glyco_Fluc_spike	47	T	36208,0,1,0,36207,0,0,0,0,0,0,0,0,0,0,0,0,0,0
glyco_Fluc_spike	48	G	35807,2,0,35804,1,0,0,0,0,0,0,0,0,0,0,0,0,0,0
glyco_Fluc_spike	49	G	34447,0,0,34447,0,0,0,0,0,0,0,0,0,0,0,0,0,0,0
glyco_Fluc_spike	50	T	2291,0,0,0,2291,0,0,0,0,0,0,0,0,0,0,0,0,0,0
glyco_Fluc_spike	51	T	2079,0,0,0,2079,0,0,0,0,0,0,0,0,0,0,0,0,0,0
