chr	pos	ref_base	depth,A,C,G,T,N,Skip,Gap,Insert,Delete,,a,c,g,t,n,skip,gap,insert,delete
Fluc_spike	1	G	1312838,0,0,1312838,0,0,0,0,0,0,0,0,0,0,0,0,0,0,0
Fluc_spike	2	G	1430192,0,0,1430192,0,0,0,0,0,0,0,0,0,0,0,0,0,0,0
Fluc_spike	3	G	1473332,0,0,1473332,0,0,0,0,0,0,0,0,0,0,0,0,0,0,0
Fluc_spike	4	A	1648849,1648672,131,44,2,0,0,0,0,0,0,0,0,0,0,0,0,0,0
Fluc_spike	5	A	1659531,1658752,319,401,59,0,0,0,84,2589,0,0,0,0,0,0,0,0,0
Fluc_spike	6	C	1673030,135,1672524,18,352,0,0,1,0,9,0,0,0,0,0,0,0,0,0
Fluc_spike	7	C	1673817,117,1673185,114,392,0,0,9,58,841,0,0,0,0,0,0,0,0,0
Fluc_spike	8	A	1667166,1665122,684,473,39,0,0,848,35,413,0,0,0,0,0,0,0,0,0
Fluc_spike	9	G	1671876,803,124,1669546,963,0,0,440,1214,740,0,0,0,0,0,0,0,0,0
Fluc_spike	10	C	1676373,233,1675366,57,706,0,0,11,2,20,0,0,0,0,0,0,0,0,0
Fluc_spike	11	C	1674846,231,1674020,68,516,0,0,11,174,2188,0,0,0,0,0,0,0,0,0
Fluc_spike	12	G	1674135,840,381,1671077,303,0,0,1534,7,127,0,0,0,0,0,0,0,0,0
Fluc_spike	13	G	1674996,549,208,1672357,352,0,0,1530,226,412,0,0,0,0,0,0,0,0,0
Fluc_spike	14	C	1682663,227,1681103,81,870,0,0,382,150,569,0,0,0,0,0,0,0,0,0
Fluc_spike	15	G	1680330,967,315,1677436,1041,0,0,571,123,2234,0,0,0,0,0,0,0,0,0
Fluc_spike	16	C	1685580,246,1684569,76,612,0,0,77,4,85,0,0,0,0,0,0,0,0,0
Fluc_spike	17	C	1689849,179,1688762,74,688,0,0,146,120,677,0,0,0,0,0,0,0,0,0
Fluc_spike	18	A	1687730,1685925,357,426,240,0,0,782,153,773,0,0,0,0,0,0,0,0,0
Fluc_spike	19	T	1687775,68,587,27,1686995,0,0,98,3,49,0,0,0,0,0,0,0,0,0
Fluc_spike	20	T	1689734,74,792,16,1688814,0,0,38,62,544,0,0,0,0,0,0,0,0,0
Fluc_spike	21	C	1691476,291,1690161,48,430,0,0,546,93,255,0,0,0,0,0,0,0,0,0
Fluc_spike	22	T	1690954,64,762,37,1689843,0,0,248,168,62,0,0,0,0,0,0,0,0,0
Fluc_spike	23	A	1684893,1683871,364,448,148,0,0,62,73,27,0,0,0,0,0,0,0,0,0
Fluc_spike	24	T	1692051,81,524,6,1691420,0,0,20,3,80,0,0,0,0,0,0,0,0,0
Fluc_spike	25	C	1692016,145,1691541,31,296,0,0,3,2,164,0,0,0,0,0,0,0,0,0
Fluc_spike	26	C	1690760,333,1690113,55,258,0,0,1,3,30,0,0,0,0,0,0,0,0,0
Fluc_spike	27	T	1690422,95,880,26,1689391,0,0,30,26,14,0,0,0,0,0,0,0,0,0
Fluc_spike	28	C	1677504,351,1676840,52,247,0,0,14,1,34,0,0,0,0,0,0,0,0,0
Fluc_spike	29	T	1689589,137,548,33,1688837,0,0,34,2,208,0,0,0,0,0,0,0,0,0
Fluc_spike	30	A	1683703,1682764,322,443,118,0,0,56,4,27,0,0,0,0,0,0,0,0,0
Fluc_spike	31	G	1685562,382,215,1684134,809,0,0,22,48,37,0,0,0,0,0,0,0,0,0
Fluc_spike	32	A	1687171,1686441,107,537,49,0,0,37,5,100,0,0,0,0,0,0,0,0,0
Fluc_spike	33	G	1688435,371,34,1687593,418,0,0,19,0,7,0,0,0,0,0,0,0,0,0
Fluc_spike	34	G	1687371,495,37,1686571,247,0,0,21,13,16,0,0,0,0,0,0,0,0,0
Fluc_spike	35	A	1689256,1688520,138,471,111,0,0,16,1,11,0,0,0,0,0,0,0,0,0
Fluc_spike	36	T	1694336,129,523,65,1693605,0,0,14,18,57,0,0,0,0,0,0,0,0,0
Fluc_spike	37	G	1689375,1604,59,1687460,250,0,0,2,0,0,0,0,0,0,0,0,0,0,0
Fluc_spike	38	G	1689750,440,55,1688908,345,0,0,2,11,64,0,0,0,0,0,0,0,0,0
Fluc_spike	39	A	1689723,1688727,107,824,65,0,0,0,0,0,0,0,0,0,0,0,0,0,0
Fluc_spike	40	A	1690900,1690270,93,491,46,0,0,0,159,66,0,0,0,0,0,0,0,0,0
Fluc_spike	41	C	1697498,219,1696335,31,904,0,0,9,7,2,0,0,0,0,0,0,0,0,0
Fluc_spike	42	C	1697384,167,1696166,572,470,0,0,9,90,44,0,0,0,0,0,0,0,0,0
Fluc_spike	43	G	1685015,843,87,1683647,389,0,0,49,0,7,0,0,0,0,0,0,0,0,0
Fluc_spike	44	C	1693283,148,1692953,20,146,0,0,16,0,17,0,0,0,0,0,0,0,0,0
Fluc_spike	45	T	1687567,93,816,48,1686592,0,0,18,2,97,0,0,0,0,0,0,0,0,0
Fluc_spike	46	G	1682223,392,55,1681419,346,0,0,11,0,11,0,0,0,0,0,0,0,0,0
Fluc_spike	47	G	1683133,384,131,1681342,1265,0,0,11,0,20,0,0,0,0,0,0,0,0,0
Fluc_spike	48	A	1687446,1686554,79,650,145,0,0,18,1,1,0,0,0,0,0,0,0,0,0
Fluc_spike	49	G	1682135,353,106,1680749,926,0,0,1,1,20,0,0,0,0,0,0,0,0,0
Fluc_spike	50	A	1685609,1684597,287,631,75,0,0,19,3,21,0,0,0,0,0,0,0,0,0
Fluc_spike	51	G	1682118,396,96,1680944,661,0,0,21,52,19,0,0,0,0,0,0,0,0,0
Fluc_spike	52	C	1695150,263,1694140,57,676,0,0,14,22,248,0,0,0,0,0,0,0,0,0
Fluc_spike	53	A	1691674,1690848,88,630,103,0,0,5,2,6,0,0,0,0,0,0,0,0,0
Fluc_spike	54	A	1689073,1688445,67,437,114,0,0,10,3,6,0,0,0,0,0,0,0,0,0
Fluc_spike	55	C	1696085,268,1695427,58,321,0,0,11,0,19,0,0,0,0,0,0,0,0,0
Fluc_spike	56	T	1692729,119,753,84,1691752,0,0,21,0,19,0,0,0,0,0,0,0,0,0
Fluc_spike	57	G	1689368,798,132,1688058,359,0,0,21,2,6,0,0,0,0,0,0,0,0,0
Fluc_spike	58	C	1698013,255,1697346,41,365,0,0,6,0,63,0,0,0,0,0,0,0,0,0
Fluc_spike	59	A	1693009,1692240,120,489,109,0,0,51,12,26,0,0,0,0,0,0,0,0,0
Fluc_spike	60	T	1696655,132,411,10,1696075,0,0,27,10,156,0,0,0,0,0,0,0,0,0
Fluc_spike	61	A	1694366,1693782,43,498,34,0,0,9,0,0,0,0,0,0,0,0,0,0,0
Fluc_spike	62	A	1698237,1697505,76,541,108,0,0,7,30,45,0,0,0,0,0,0,0,0,0
Fluc_spike	63	G	1699628,334,44,1698774,475,0,0,1,2,0,0,0,0,0,0,0,0,0,0
Fluc_spike	64	G	1697327,455,69,1696433,370,0,0,0,1,13,0,0,0,0,0,0,0,0,0
Fluc_spike	65	C	1705189,218,1704600,62,295,0,0,14,4,39,0,0,0,0,0,0,0,0,0
Fluc_spike	66	T	1700073,75,645,44,1699291,0,0,18,3,33,0,0,0,0,0,0,0,0,0
Fluc_spike	67	A	1696178,1695487,183,387,94,0,0,27,1,17,0,0,0,0,0,0,0,0,0
Fluc_spike	68	T	1702646,127,567,25,1701909,0,0,18,0,37,0,0,0,0,0,0,0,0,0
Fluc_spike	69	G	1697661,506,53,1696570,488,0,0,44,4,110,0,0,0,0,0,0,0,0,0
Fluc_spike	70	A	1701405,1700606,73,629,94,0,0,3,6,116,0,0,0,0,0,0,0,0,0
Fluc_spike	71	A	1700775,1699945,141,551,137,0,0,1,2,30,0,0,0,0,0,0,0,0,0
Fluc_spike	72	G	1698699,445,41,1697632,551,0,0,30,28,38,0,0,0,0,0,0,0,0,0
Fluc_spike	73	A	1698061,1697238,65,611,107,0,0,40,2,17,0,0,0,0,0,0,0,0,0
Fluc_spike	74	G	1699858,438,76,1698668,658,0,0,18,18,24,0,0,0,0,0,0,0,0,0
Fluc_spike	75	A	1692299,1691587,69,548,84,0,0,11,13,15,0,0,0,0,0,0,0,0,0
Fluc_spike	76	T	1703121,140,486,9,1702471,0,0,15,20,66,0,0,0,0,0,0,0,0,0
Fluc_spike	77	A	1697848,1697130,157,413,84,0,0,64,14,16,0,0,0,0,0,0,0,0,0
Fluc_spike	78	C	1700091,428,1698758,60,793,0,0,52,7,52,0,0,0,0,0,0,0,0,0
Fluc_spike	79	G	1696613,588,275,1695276,422,0,0,52,6,133,0,0,0,0,0,0,0,0,0
Fluc_spike	80	C	1699148,214,1698648,34,252,0,0,0,2,0,0,0,0,0,0,0,0,0,0
Fluc_spike	81	C	1699903,278,1699131,28,466,0,0,0,1,0,0,0,0,0,0,0,0,0,0
Fluc_spike	82	C	1698794,540,1697897,60,297,0,0,0,5,28,0,0,0,0,0,0,0,0,0
Fluc_spike	83	T	1699111,99,467,85,1698432,0,0,28,2,38,0,0,0,0,0,0,0,0,0
Fluc_spike	84	G	1687294,170,3,1687076,45,0,0,0,0,0,0,0,0,0,0,0,0,0,0
Fluc_spike	85	G	1686540,53,21,1686428,38,0,0,0,0,0,0,0,0,0,0,0,0,0,0
Fluc_spike	86	T	1552029,10,42,3,1551974,0,0,0,0,0,0,0,0,0,0,0,0,0,0
Fluc_spike	87	T	257381,0,1,0,257380,0,0,0,0,0,0,0,0,0,0,0,0,0,0
Fluc_spike	88	C	122050,0,122050,0,0,0,0,0,0,0,0,0,0,0,0,0,0,0,0
Fluc_spike	89	C	73623,0,73623,0,0,0,0,0,0,0,0,0,0,0,0,0,0,0,0
glyco_Fluc_spike	1	G	327531,0,0,327531,0,0,0,0,0,0,0,0,0,0,0,0,0,0,0
glyco_Fluc_spike	2	A	426601,426601,0,0,0,0,0,0,0,0,0,0,0,0,0,0,0,0,0
glyco_Fluc_spike	3	A	435108,435108,0,0,0,0,0,0,0,0,0,0,0,0,0,0,0,0,0
glyco_Fluc_spike	4	C	445840,0,445836,1,3,0,0,0,40,0,0,0,0,0,0,0,0,0,0
glyco_Fluc_spike	5	G	501252,198,15,500737,302,0,0,0,29,367,0,0,0,0,0,0,0,0,0
glyco_Fluc_spike	6	A	521208,520547,167,94,31,0,0,369,59,403,0,0,0,0,0,0,0,0,0
glyco_Fluc_spike	7	G	534017,450,37,533003,122,0,0,405,40,139,0,0,0,0,0,0,0,0,0
glyco_Fluc_spike	8	C	537433,17,536739,26,633,0,0,18,0,44,0,0,0,0,0,0,0,0,0
glyco_Fluc_spike	9	C	597498,94,596502,26,843,0,0,33,151,682,0,0,0,0,0,0,0,0,0
glyco_Fluc_spike	10	G	609338,557,155,608209,371,0,0,46,15,144,0,0,0,0,0,0,0,0,0
glyco_Fluc_spike	11	G	611550,710,255,610448,109,0,0,28,24,466,0,0,0,0,0,0,0,0,0
glyco_Fluc_spike	12	C	615256,43,614111,53,608,0,0,441,943,763,0,0,0,0,0,0,0,0,0
glyco_Fluc_spike	13	G	615209,834,321,612777,522,0,0,755,354,1298,0,0,0,0,0,0,0,0,0
glyco_Fluc_spike	14	C	618081,46,616959,71,962,0,0,43,11,43,0,0,0,0,0,0,0,0,0
glyco_Fluc_spike	15	C	629726,43,628709,50,864,0,0,60,42,437,0,0,0,0,0,0,0,0,0
glyco_Fluc_spike	16	A	637954,636492,40,232,724,0,0,466,129,687,0,0,0,0,0,0,0,0,0
glyco_Fluc_spike	17	T	640654,9,184,34,640330,0,0,97,0,43,0,0,0,0,0,0,0,0,0
glyco_Fluc_spike	18	T	641329,11,281,22,640989,0,0,26,16,57,0,0,0,0,0,0,0,0,0
glyco_Fluc_spike	19	C	643545,104,643151,18,214,0,0,58,37,342,0,0,0,0,0,0,0,0,0
glyco_Fluc_spike	20	T	643797,27,198,72,643215,0,0,285,28,160,0,0,0,0,0,0,0,0,0
glyco_Fluc_spike	21	A	643322,642504,124,163,358,0,0,173,36,201,0,0,0,0,0,0,0,0,0
glyco_Fluc_spike	22	T	647062,20,299,28,646577,0,0,138,34,178,0,0,0,0,0,0,0,0,0
glyco_Fluc_spike	23	C	647200,27,646704,21,415,0,0,33,2,8791,0,0,0,0,0,0,0,0,0
glyco_Fluc_spike	24	C	638904,56,638552,20,253,0,0,23,31,416,0,0,0,0,0,0,0,0,0
glyco_Fluc_spike	25	T	638960,22,558,23,637945,0,0,412,238,173,0,0,0,0,0,0,0,0,0
glyco_Fluc_spike	26	C	637219,67,636201,20,752,0,0,179,29,958,0,0,0,0,0,0,0,0,0
glyco_Fluc_spike	27	T	641041,27,251,10,639787,0,0,966,53,1867,0,0,0,0,0,0,0,0,0
glyco_Fluc_spike	28	A	646510,643968,165,174,516,0,0,1687,332,184,0,0,0,0,0,0,0,0,0
glyco_Fluc_spike	29	G	648850,402,284,647575,426,0,0,163,55,644,0,0,0,0,0,0,0,0,0
glyco_Fluc_spike	30	A	648449,647338,58,219,185,0,0,649,167,1241,0,0,0,0,0,0,0,0,0
glyco_Fluc_spike	31	G	648024,1171,142,646305,395,0,0,11,24,130,0,0,0,0,0,0,0,0,0
glyco_Fluc_spike	32	G	648034,334,96,647406,168,0,0,30,27,226,0,0,0,0,0,0,0,0,0
glyco_Fluc_spike	33	A	648037,647094,49,192,451,0,0,251,38,97,0,0,0,0,0,0,0,0,0
glyco_Fluc_spike	34	T	650999,78,290,420,650045,0,0,166,451,245,0,0,0,0,0,0,0,0,0
glyco_Fluc_spike	35	G	648694,1774,142,646317,451,0,0,10,1,4,0,0,0,0,0,0,0,0,0
glyco_Fluc_spike	36	G	648894,506,88,647971,316,0,0,13,336,498,0,0,0,0,0,0,0,0,0
glyco_Fluc_spike	37	A	648634,648160,57,293,113,0,0,11,2,6,0,0,0,0,0,0,0,0,0
glyco_Fluc_spike	38	A	648824,648207,101,189,314,0,0,13,353,704,0,0,0,0,0,0,0,0,0
glyco_Fluc_spike	39	C	651304,50,649922,61,1262,0,0,9,2,149,0,0,0,0,0,0,0,0,0
glyco_Fluc_spike	40	C	650840,72,649895,34,836,0,0,3,202,296,0,0,0,0,0,0,0,0,0
glyco_Fluc_spike	41	G	649049,3038,479,645084,161,0,0,287,31,82,0,0,0,0,0,0,0,0,0
glyco_Fluc_spike	42	C	650806,56,650421,10,238,0,0,81,56,147,0,0,0,0,0,0,0,0,0
glyco_Fluc_spike	43	T	650447,17,261,32,649957,0,0,180,157,123,0,0,0,0,0,0,0,0,0
glyco_Fluc_spike	44	G	648496,2527,118,645661,189,0,0,1,4,0,0,0,0,0,0,0,0,0,0
glyco_Fluc_spike	45	G	647844,2381,57,645290,115,0,0,1,6,8,0,0,0,0,0,0,0,0,0
glyco_Fluc_spike	46	C	651580,28,651388,10,146,0,0,8,20,8,0,0,0,0,0,0,0,0,0
glyco_Fluc_spike	47	T	648168,1,37,6,648116,0,0,8,0,0,0,0,0,0,0,0,0,0,0
glyco_Fluc_spike	48	G	640481,57,8,640389,27,0,0,0,0,0,0,0,0,0,0,0,0,0,0
glyco_Fluc_spike	49	G	611707,0,0,611705,2,0,0,0,0,0,0,0,0,0,0,0,0,0,0
glyco_Fluc_spike	50	T	44736,0,0,0,44736,0,0,0,0,0,0,0,0,0,0,0,0,0,0
glyco_Fluc_spike	51	T	41535,0,0,0,41535,0,0,0,0,0,0,0,0,0,0,0,0,0,0
