chr	pos	ref_base	depth,A,C,G,T,N,Skip,Gap,Insert,Delete,,a,c,g,t,n,skip,gap,insert,delete
Fluc_spike	1	G	1292031,0,0,1292031,0,0,0,0,0,0,0,0,0,0,0,0,0,0,0
Fluc_spike	2	G	1406331,0,0,1406331,0,0,0,0,0,0,0,0,0,0,0,0,0,0,0
Fluc_spike	3	G	1444073,0,0,1444073,0,0,0,0,0,0,0,0,0,0,0,0,0,0,0
Fluc_spike	4	A	1601897,1601750,108,36,3,0,0,0,0,0,0,0,0,0,0,0,0,0,0
Fluc_spike	5	A	1610845,1610073,285,411,76,0,0,0,67,2318,0,0,0,0,0,0,0,0,0
Fluc_spike	6	C	1623219,88,1622721,23,387,0,0,0,1,7,0,0,0,0,0,0,0,0,0
Fluc_spike	7	C	1623721,130,1623066,95,423,0,0,7,37,930,0,0,0,0,0,0,0,0,0
Fluc_spike	8	A	1617167,1615187,596,415,36,0,0,933,31,427,0,0,0,0,0,0,0,0,0
Fluc_spike	9	G	1621646,698,122,1619381,998,0,0,447,1007,522,0,0,0,0,0,0,0,0,0
Fluc_spike	10	C	1625765,218,1624781,51,709,0,0,6,5,32,0,0,0,0,0,0,0,0,0
Fluc_spike	11	C	1624562,281,1623695,55,522,0,0,9,112,1973,0,0,0,0,0,0,0,0,0
Fluc_spike	12	G	1622858,735,298,1620091,339,0,0,1395,3,122,0,0,0,0,0,0,0,0,0
Fluc_spike	13	G	1623602,480,179,1621185,365,0,0,1393,207,268,0,0,0,0,0,0,0,0,0
Fluc_spike	14	C	1630367,191,1629009,71,850,0,0,246,171,474,0,0,0,0,0,0,0,0,0
Fluc_spike	15	G	1627796,881,277,1625229,938,0,0,471,123,2026,0,0,0,0,0,0,0,0,0
Fluc_spike	16	C	1632271,233,1631323,66,578,0,0,71,2,68,0,0,0,0,0,0,0,0,0
Fluc_spike	17	C	1633456,200,1632447,74,613,0,0,122,96,638,0,0,0,0,0,0,0,0,0
Fluc_spike	18	A	1631167,1629476,349,419,211,0,0,712,170,735,0,0,0,0,0,0,0,0,0
Fluc_spike	19	T	1630997,62,625,17,1630214,0,0,79,4,66,0,0,0,0,0,0,0,0,0
Fluc_spike	20	T	1632667,67,742,21,1631802,0,0,35,57,429,0,0,0,0,0,0,0,0,0
Fluc_spike	21	C	1634614,274,1633473,45,393,0,0,429,74,214,0,0,0,0,0,0,0,0,0
Fluc_spike	22	T	1634013,77,642,20,1633070,0,0,204,150,71,0,0,0,0,0,0,0,0,0
Fluc_spike	23	A	1628572,1627667,302,381,150,0,0,72,66,18,0,0,0,0,0,0,0,0,0
Fluc_spike	24	T	1634880,88,484,4,1634287,0,0,17,1,62,0,0,0,0,0,0,0,0,0
Fluc_spike	25	C	1635061,113,1634615,26,305,0,0,2,1,178,0,0,0,0,0,0,0,0,0
Fluc_spike	26	C	1633853,401,1633143,44,262,0,0,3,3,28,0,0,0,0,0,0,0,0,0
Fluc_spike	27	T	1633339,79,767,23,1632443,0,0,27,22,16,0,0,0,0,0,0,0,0,0
Fluc_spike	28	C	1622073,340,1621362,45,309,0,0,17,1,27,0,0,0,0,0,0,0,0,0
Fluc_spike	29	T	1632818,127,510,38,1632114,0,0,29,0,224,0,0,0,0,0,0,0,0,0
Fluc_spike	30	A	1627364,1626464,290,426,122,0,0,62,5,22,0,0,0,0,0,0,0,0,0
Fluc_spike	31	G	1628565,319,169,1627019,1039,0,0,19,36,33,0,0,0,0,0,0,0,0,0
Fluc_spike	32	A	1629861,1629207,90,495,34,0,0,35,9,71,0,0,0,0,0,0,0,0,0
Fluc_spike	33	G	1630955,326,36,1630152,432,0,0,9,0,9,0,0,0,0,0,0,0,0,0
Fluc_spike	34	G	1629808,453,27,1629025,289,0,0,14,8,17,0,0,0,0,0,0,0,0,0
Fluc_spike	35	A	1631394,1630756,99,422,96,0,0,21,4,8,0,0,0,0,0,0,0,0,0
Fluc_spike	36	T	1635824,116,459,59,1635179,0,0,11,16,43,0,0,0,0,0,0,0,0,0
Fluc_spike	37	G	1631173,1235,33,1629604,300,0,0,1,0,1,0,0,0,0,0,0,0,0,0
Fluc_spike	38	G	1631463,419,34,1630652,357,0,0,1,7,50,0,0,0,0,0,0,0,0,0
Fluc_spike	39	A	1631417,1630547,95,715,59,0,0,1,0,0,0,0,0,0,0,0,0,0,0
Fluc_spike	40	A	1632421,1631881,93,413,34,0,0,0,100,41,0,0,0,0,0,0,0,0,0
Fluc_spike	41	C	1638511,202,1637445,30,826,0,0,8,2,9,0,0,0,0,0,0,0,0,0
Fluc_spike	42	C	1638410,222,1637349,475,356,0,0,8,54,31,0,0,0,0,0,0,0,0,0
Fluc_spike	43	G	1627896,754,89,1626641,374,0,0,38,1,8,0,0,0,0,0,0,0,0,0
Fluc_spike	44	C	1635500,147,1635154,18,165,0,0,16,0,11,0,0,0,0,0,0,0,0,0
Fluc_spike	45	T	1630085,61,651,45,1629315,0,0,13,0,66,0,0,0,0,0,0,0,0,0
Fluc_spike	46	G	1625061,400,53,1624220,383,0,0,5,2,9,0,0,0,0,0,0,0,0,0
Fluc_spike	47	G	1625296,349,119,1623540,1282,0,0,6,0,16,0,0,0,0,0,0,0,0,0
Fluc_spike	48	A	1628761,1628037,42,557,107,0,0,18,0,2,0,0,0,0,0,0,0,0,0
Fluc_spike	49	G	1623057,305,104,1621711,935,0,0,2,0,10,0,0,0,0,0,0,0,0,0
Fluc_spike	50	A	1625964,1625092,223,585,54,0,0,10,1,21,0,0,0,0,0,0,0,0,0
Fluc_spike	51	G	1622246,361,71,1621233,561,0,0,20,40,18,0,0,0,0,0,0,0,0,0
Fluc_spike	52	C	1632310,200,1631396,55,649,0,0,10,9,184,0,0,0,0,0,0,0,0,0
Fluc_spike	53	A	1630907,1630175,59,563,102,0,0,8,0,4,0,0,0,0,0,0,0,0,0
Fluc_spike	54	A	1628054,1627484,63,407,89,0,0,11,0,9,0,0,0,0,0,0,0,0,0
Fluc_spike	55	C	1634041,236,1633428,44,323,0,0,10,1,9,0,0,0,0,0,0,0,0,0
Fluc_spike	56	T	1630741,127,697,80,1629828,0,0,9,0,7,0,0,0,0,0,0,0,0,0
Fluc_spike	57	G	1626561,705,152,1625330,363,0,0,11,0,5,0,0,0,0,0,0,0,0,0
Fluc_spike	58	C	1633780,243,1633141,34,358,0,0,4,0,47,0,0,0,0,0,0,0,0,0
Fluc_spike	59	A	1629408,1628692,105,476,102,0,0,33,10,28,0,0,0,0,0,0,0,0,0
Fluc_spike	60	T	1632480,155,390,11,1631896,0,0,28,3,153,0,0,0,0,0,0,0,0,0
Fluc_spike	61	A	1629795,1629174,39,547,24,0,0,11,1,0,0,0,0,0,0,0,0,0,0
Fluc_spike	62	A	1632075,1631369,63,506,128,0,0,9,25,51,0,0,0,0,0,0,0,0,0
Fluc_spike	63	G	1632307,267,38,1631495,505,0,0,2,0,3,0,0,0,0,0,0,0,0,0
Fluc_spike	64	G	1629807,491,69,1628902,342,0,0,3,0,8,0,0,0,0,0,0,0,0,0
Fluc_spike	65	C	1636874,186,1636312,43,322,0,0,11,2,42,0,0,0,0,0,0,0,0,0
Fluc_spike	66	T	1632116,58,545,33,1631467,0,0,13,2,19,0,0,0,0,0,0,0,0,0
Fluc_spike	67	A	1628714,1628084,156,375,87,0,0,12,1,11,0,0,0,0,0,0,0,0,0
Fluc_spike	68	T	1634139,124,548,29,1633429,0,0,9,0,27,0,0,0,0,0,0,0,0,0
Fluc_spike	69	G	1629728,493,55,1628700,451,0,0,29,3,102,0,0,0,0,0,0,0,0,0
Fluc_spike	70	A	1633282,1632457,91,633,98,0,0,3,3,105,0,0,0,0,0,0,0,0,0
Fluc_spike	71	A	1632722,1631954,124,495,148,0,0,1,0,37,0,0,0,0,0,0,0,0,0
Fluc_spike	72	G	1630567,460,36,1629475,560,0,0,36,23,19,0,0,0,0,0,0,0,0,0
Fluc_spike	73	A	1630401,1629741,48,498,95,0,0,19,0,16,0,0,0,0,0,0,0,0,0
Fluc_spike	74	G	1631938,417,88,1630851,566,0,0,16,11,18,0,0,0,0,0,0,0,0,0
Fluc_spike	75	A	1624983,1624324,56,511,80,0,0,12,7,19,0,0,0,0,0,0,0,0,0
Fluc_spike	76	T	1634303,118,419,20,1633727,0,0,19,15,71,0,0,0,0,0,0,0,0,0
Fluc_spike	77	A	1629824,1629130,130,419,73,0,0,72,10,10,0,0,0,0,0,0,0,0,0
Fluc_spike	78	C	1630798,397,1629487,73,788,0,0,53,4,38,0,0,0,0,0,0,0,0,0
Fluc_spike	79	G	1628467,501,278,1627191,459,0,0,38,6,132,0,0,0,0,0,0,0,0,0
Fluc_spike	80	C	1631107,181,1630621,34,271,0,0,0,0,0,0,0,0,0,0,0,0,0,0
Fluc_spike	81	C	1632131,298,1631394,39,400,0,0,0,1,0,0,0,0,0,0,0,0,0,0
Fluc_spike	82	C	1630966,717,1629837,67,345,0,0,0,2,20,0,0,0,0,0,0,0,0,0
Fluc_spike	83	T	1631323,63,439,52,1630749,0,0,20,1,13,0,0,0,0,0,0,0,0,0
Fluc_spike	84	G	1620495,140,5,1620281,69,0,0,0,0,0,0,0,0,0,0,0,0,0,0
Fluc_spike	85	G	1619819,39,31,1619719,30,0,0,0,0,0,0,0,0,0,0,0,0,0,0
Fluc_spike	86	T	1495835,2,27,3,1495803,0,0,0,0,0,0,0,0,0,0,0,0,0,0
Fluc_spike	87	T	220415,0,1,0,220414,0,0,0,0,0,0,0,0,0,0,0,0,0,0
Fluc_spike	88	C	95261,0,95261,0,0,0,0,0,0,0,0,0,0,0,0,0,0,0,0
Fluc_spike	89	C	53482,0,53482,0,0,0,0,0,0,0,0,0,0,0,0,0,0,0,0
glyco_Fluc_spike	1	G	278952,0,0,278952,0,0,0,0,0,0,0,0,0,0,0,0,0,0,0
glyco_Fluc_spike	2	A	365689,365689,0,0,0,0,0,0,0,0,0,0,0,0,0,0,0,0,0
glyco_Fluc_spike	3	A	371080,371080,0,0,0,0,0,0,0,0,0,0,0,0,0,0,0,0,0
glyco_Fluc_spike	4	C	375837,0,375833,0,4,0,0,0,35,0,0,0,0,0,0,0,0,0,0
glyco_Fluc_spike	5	G	411514,147,3,411087,277,0,0,0,12,303,0,0,0,0,0,0,0,0,0
glyco_Fluc_spike	6	A	418879,418313,157,75,30,0,0,304,36,302,0,0,0,0,0,0,0,0,0
glyco_Fluc_spike	7	G	422897,371,35,422097,90,0,0,304,28,155,0,0,0,0,0,0,0,0,0
glyco_Fluc_spike	8	C	424849,18,424187,20,597,0,0,27,1,48,0,0,0,0,0,0,0,0,0
glyco_Fluc_spike	9	C	466411,73,465531,26,750,0,0,31,133,611,0,0,0,0,0,0,0,0,0
glyco_Fluc_spike	10	G	477517,433,116,476587,332,0,0,49,14,162,0,0,0,0,0,0,0,0,0
glyco_Fluc_spike	11	G	479748,558,242,478821,92,0,0,35,24,449,0,0,0,0,0,0,0,0,0
glyco_Fluc_spike	12	C	482928,43,481872,42,544,0,0,427,776,724,0,0,0,0,0,0,0,0,0
glyco_Fluc_spike	13	G	482425,675,171,480466,386,0,0,727,285,976,0,0,0,0,0,0,0,0,0
glyco_Fluc_spike	14	C	484437,26,483650,49,689,0,0,23,8,50,0,0,0,0,0,0,0,0,0
glyco_Fluc_spike	15	C	494402,35,493609,22,695,0,0,41,38,375,0,0,0,0,0,0,0,0,0
glyco_Fluc_spike	16	A	501112,499921,33,176,590,0,0,392,122,627,0,0,0,0,0,0,0,0,0
glyco_Fluc_spike	17	T	503023,11,165,21,502727,0,0,99,0,37,0,0,0,0,0,0,0,0,0
glyco_Fluc_spike	18	T	503588,17,195,13,503339,0,0,24,12,62,0,0,0,0,0,0,0,0,0
glyco_Fluc_spike	19	C	505453,99,505084,14,187,0,0,69,11,292,0,0,0,0,0,0,0,0,0
glyco_Fluc_spike	20	T	505444,8,147,58,504971,0,0,260,25,146,0,0,0,0,0,0,0,0,0
glyco_Fluc_spike	21	A	504353,503716,91,111,274,0,0,161,12,129,0,0,0,0,0,0,0,0,0
glyco_Fluc_spike	22	T	507588,13,255,12,507202,0,0,106,25,177,0,0,0,0,0,0,0,0,0
glyco_Fluc_spike	23	C	507478,26,507069,18,335,0,0,30,1,3943,0,0,0,0,0,0,0,0,0
glyco_Fluc_spike	24	C	503962,67,503649,22,198,0,0,26,31,246,0,0,0,0,0,0,0,0,0
glyco_Fluc_spike	25	T	504012,7,492,24,503245,0,0,244,177,118,0,0,0,0,0,0,0,0,0
glyco_Fluc_spike	26	C	502886,49,502102,11,601,0,0,123,17,731,0,0,0,0,0,0,0,0,0
glyco_Fluc_spike	27	T	505388,25,188,9,504418,0,0,748,44,1508,0,0,0,0,0,0,0,0,0
glyco_Fluc_spike	28	A	506111,504145,136,113,357,0,0,1360,277,126,0,0,0,0,0,0,0,0,0
glyco_Fluc_spike	29	G	508343,291,253,507307,383,0,0,109,41,528,0,0,0,0,0,0,0,0,0
glyco_Fluc_spike	30	A	507774,506940,36,167,102,0,0,529,105,1044,0,0,0,0,0,0,0,0,0
glyco_Fluc_spike	31	G	507602,1001,106,506166,324,0,0,5,10,112,0,0,0,0,0,0,0,0,0
glyco_Fluc_spike	32	G	507614,284,59,507092,148,0,0,31,30,176,0,0,0,0,0,0,0,0,0
glyco_Fluc_spike	33	A	507473,506697,39,141,396,0,0,200,30,102,0,0,0,0,0,0,0,0,0
glyco_Fluc_spike	34	T	509810,67,225,290,509064,0,0,164,331,202,0,0,0,0,0,0,0,0,0
glyco_Fluc_spike	35	G	508014,1341,120,506248,301,0,0,4,2,1,0,0,0,0,0,0,0,0,0
glyco_Fluc_spike	36	G	508309,371,61,507608,265,0,0,4,313,483,0,0,0,0,0,0,0,0,0
glyco_Fluc_spike	37	A	507954,507548,50,258,91,0,0,7,1,9,0,0,0,0,0,0,0,0,0
glyco_Fluc_spike	38	A	508131,507606,81,138,291,0,0,15,318,583,0,0,0,0,0,0,0,0,0
glyco_Fluc_spike	39	C	510076,56,508839,50,1117,0,0,14,2,138,0,0,0,0,0,0,0,0,0
glyco_Fluc_spike	40	C	509637,79,508755,47,753,0,0,3,168,224,0,0,0,0,0,0,0,0,0
glyco_Fluc_spike	41	G	508430,2300,381,505378,150,0,0,221,18,58,0,0,0,0,0,0,0,0,0
glyco_Fluc_spike	42	C	509692,56,509358,5,215,0,0,58,35,138,0,0,0,0,0,0,0,0,0
glyco_Fluc_spike	43	T	509567,15,189,21,509188,0,0,154,105,115,0,0,0,0,0,0,0,0,0
glyco_Fluc_spike	44	G	507863,1956,98,505645,159,0,0,5,0,0,0,0,0,0,0,0,0,0,0
glyco_Fluc_spike	45	G	507191,1851,48,505186,102,0,0,4,7,11,0,0,0,0,0,0,0,0,0
glyco_Fluc_spike	46	C	510148,23,509985,13,116,0,0,11,8,3,0,0,0,0,0,0,0,0,0
glyco_Fluc_spike	47	T	507549,0,33,1,507512,0,0,3,1,0,0,0,0,0,0,0,0,0,0
glyco_Fluc_spike	48	G	501320,36,2,501267,15,0,0,0,0,0,0,0,0,0,0,0,0,0,0
glyco_Fluc_spike	49	G	477042,1,0,477041,0,0,0,0,0,0,0,0,0,0,0,0,0,0,0
glyco_Fluc_spike	50	T	25817,0,0,0,25817,0,0,0,0,0,0,0,0,0,0,0,0,0,0
glyco_Fluc_spike	51	T	22906,0,0,0,22906,0,0,0,0,0,0,0,0,0,0,0,0,0,0
