chr	pos	ref_base	depth,A,C,G,T,N,Skip,Gap,Insert,Delete,,a,c,g,t,n,skip,gap,insert,delete
Fluc_spike	1	G	611028,0,0,611028,0,0,0,0,0,0,0,0,0,0,0,0,0,0,0
Fluc_spike	2	G	660386,0,0,660386,0,0,0,0,0,0,0,0,0,0,0,0,0,0,0
Fluc_spike	3	G	674649,0,0,674649,0,0,0,0,0,0,0,0,0,0,0,0,0,0,0
Fluc_spike	4	A	751571,751490,53,28,0,0,0,0,0,0,0,0,0,0,0,0,0,0,0
Fluc_spike	5	A	754630,754295,117,198,20,0,0,0,35,1092,0,0,0,0,0,0,0,0,0
Fluc_spike	6	C	760166,39,759902,7,218,0,0,0,0,3,0,0,0,0,0,0,0,0,0
Fluc_spike	7	C	760380,45,760098,16,218,0,0,3,26,407,0,0,0,0,0,0,0,0,0
Fluc_spike	8	A	756781,755797,340,219,15,0,0,410,13,201,0,0,0,0,0,0,0,0,0
Fluc_spike	9	G	759022,391,70,757864,477,0,0,220,347,277,0,0,0,0,0,0,0,0,0
Fluc_spike	10	C	761329,106,760816,25,373,0,0,9,1,8,0,0,0,0,0,0,0,0,0
Fluc_spike	11	C	762127,118,761668,31,306,0,0,4,57,671,0,0,0,0,0,0,0,0,0
Fluc_spike	12	G	760147,368,95,759177,132,0,0,375,1,53,0,0,0,0,0,0,0,0,0
Fluc_spike	13	G	760466,231,45,759640,172,0,0,378,61,150,0,0,0,0,0,0,0,0,0
Fluc_spike	14	C	763453,84,762771,33,425,0,0,140,54,175,0,0,0,0,0,0,0,0,0
Fluc_spike	15	G	761870,435,104,760745,410,0,0,176,47,997,0,0,0,0,0,0,0,0,0
Fluc_spike	16	C	763786,105,763349,25,276,0,0,31,1,34,0,0,0,0,0,0,0,0,0
Fluc_spike	17	C	764780,93,764202,34,395,0,0,56,37,330,0,0,0,0,0,0,0,0,0
Fluc_spike	18	A	764785,763974,127,207,114,0,0,363,64,360,0,0,0,0,0,0,0,0,0
Fluc_spike	19	T	764902,41,276,8,764528,0,0,49,8,20,0,0,0,0,0,0,0,0,0
Fluc_spike	20	T	765794,30,348,8,765390,0,0,18,20,241,0,0,0,0,0,0,0,0,0
Fluc_spike	21	C	766980,138,766355,21,226,0,0,240,24,126,0,0,0,0,0,0,0,0,0
Fluc_spike	22	T	766286,53,267,16,765830,0,0,120,79,21,0,0,0,0,0,0,0,0,0
Fluc_spike	23	A	763206,762753,181,184,66,0,0,22,22,13,0,0,0,0,0,0,0,0,0
Fluc_spike	24	T	766694,39,218,4,766424,0,0,9,0,18,0,0,0,0,0,0,0,0,0
Fluc_spike	25	C	767475,84,767214,17,160,0,0,0,0,97,0,0,0,0,0,0,0,0,0
Fluc_spike	26	C	766997,158,766675,27,136,0,0,1,0,9,0,0,0,0,0,0,0,0,0
Fluc_spike	27	T	766132,26,399,10,765687,0,0,10,14,11,0,0,0,0,0,0,0,0,0
Fluc_spike	28	C	764286,107,763958,14,195,0,0,12,0,17,0,0,0,0,0,0,0,0,0
Fluc_spike	29	T	766648,62,252,14,766303,0,0,17,0,182,0,0,0,0,0,0,0,0,0
Fluc_spike	30	A	770148,769720,126,201,63,0,0,38,0,6,0,0,0,0,0,0,0,0,0
Fluc_spike	31	G	774094,144,88,773150,705,0,0,7,10,13,0,0,0,0,0,0,0,0,0
Fluc_spike	32	A	775315,775019,31,231,21,0,0,13,4,30,0,0,0,0,0,0,0,0,0
Fluc_spike	33	G	776041,141,13,775720,152,0,0,15,1,2,0,0,0,0,0,0,0,0,0
Fluc_spike	34	G	775836,184,16,775516,105,0,0,15,3,7,0,0,0,0,0,0,0,0,0
Fluc_spike	35	A	776461,776162,38,203,50,0,0,8,3,5,0,0,0,0,0,0,0,0,0
Fluc_spike	36	T	777845,66,260,21,777490,0,0,8,5,22,0,0,0,0,0,0,0,0,0
Fluc_spike	37	G	776908,390,23,776362,132,0,0,1,0,0,0,0,0,0,0,0,0,0,0
Fluc_spike	38	G	777042,206,22,776641,172,0,0,1,3,14,0,0,0,0,0,0,0,0,0
Fluc_spike	39	A	776499,776048,46,367,37,0,0,1,0,0,0,0,0,0,0,0,0,0,0
Fluc_spike	40	A	777276,777018,21,222,15,0,0,0,15,17,0,0,0,0,0,0,0,0,0
Fluc_spike	41	C	780114,139,779654,22,299,0,0,0,1,6,0,0,0,0,0,0,0,0,0
Fluc_spike	42	C	780137,100,779697,111,229,0,0,0,6,19,0,0,0,0,0,0,0,0,0
Fluc_spike	43	G	776078,393,36,775426,204,0,0,19,0,3,0,0,0,0,0,0,0,0,0
Fluc_spike	44	C	779717,68,779514,14,118,0,0,3,0,10,0,0,0,0,0,0,0,0,0
Fluc_spike	45	T	777723,47,345,20,777301,0,0,10,0,43,0,0,0,0,0,0,0,0,0
Fluc_spike	46	G	775808,204,36,775382,181,0,0,5,1,5,0,0,0,0,0,0,0,0,0
Fluc_spike	47	G	776459,201,85,775465,704,0,0,4,0,14,0,0,0,0,0,0,0,0,0
Fluc_spike	48	A	778142,777761,25,298,44,0,0,14,0,1,0,0,0,0,0,0,0,0,0
Fluc_spike	49	G	775594,142,55,774951,444,0,0,2,0,13,0,0,0,0,0,0,0,0,0
Fluc_spike	50	A	776846,776336,162,303,33,0,0,12,1,14,0,0,0,0,0,0,0,0,0
Fluc_spike	51	G	775388,182,49,774825,318,0,0,14,31,14,0,0,0,0,0,0,0,0,0
Fluc_spike	52	C	781301,105,780753,26,409,0,0,8,8,103,0,0,0,0,0,0,0,0,0
Fluc_spike	53	A	779655,779286,32,274,56,0,0,7,0,10,0,0,0,0,0,0,0,0,0
Fluc_spike	54	A	778206,777908,40,195,47,0,0,16,0,6,0,0,0,0,0,0,0,0,0
Fluc_spike	55	C	781942,130,781546,16,234,0,0,16,1,9,0,0,0,0,0,0,0,0,0
Fluc_spike	56	T	779739,58,324,46,779297,0,0,14,0,22,0,0,0,0,0,0,0,0,0
Fluc_spike	57	G	780466,366,80,779756,242,0,0,22,0,2,0,0,0,0,0,0,0,0,0
Fluc_spike	58	C	784217,148,783795,36,235,0,0,3,0,33,0,0,0,0,0,0,0,0,0
Fluc_spike	59	A	781961,781575,62,244,60,0,0,20,3,9,0,0,0,0,0,0,0,0,0
Fluc_spike	60	T	783741,74,176,8,783474,0,0,9,3,73,0,0,0,0,0,0,0,0,0
Fluc_spike	61	A	785132,784853,21,232,23,0,0,3,1,0,0,0,0,0,0,0,0,0,0
Fluc_spike	62	A	786763,786433,43,233,51,0,0,3,17,25,0,0,0,0,0,0,0,0,0
Fluc_spike	63	G	787296,131,28,786899,235,0,0,3,0,1,0,0,0,0,0,0,0,0,0
Fluc_spike	64	G	786434,218,29,786006,180,0,0,1,1,6,0,0,0,0,0,0,0,0,0
Fluc_spike	65	C	788150,101,787830,20,191,0,0,8,2,26,0,0,0,0,0,0,0,0,0
Fluc_spike	66	T	787233,31,260,26,786907,0,0,9,0,7,0,0,0,0,0,0,0,0,0
Fluc_spike	67	A	785817,785501,58,199,52,0,0,7,0,7,0,0,0,0,0,0,0,0,0
Fluc_spike	68	T	788402,44,249,9,788093,0,0,7,0,24,0,0,0,0,0,0,0,0,0
Fluc_spike	69	G	787050,229,34,786486,278,0,0,23,2,63,0,0,0,0,0,0,0,0,0
Fluc_spike	70	A	785338,784917,22,339,57,0,0,3,1,112,0,0,0,0,0,0,0,0,0
Fluc_spike	71	A	774496,773976,26,418,75,0,0,1,1,11,0,0,0,0,0,0,0,0,0
Fluc_spike	72	G	786962,234,26,786395,295,0,0,12,34,12,0,0,0,0,0,0,0,0,0
Fluc_spike	73	A	761519,760804,16,629,57,0,0,13,0,15,0,0,0,0,0,0,0,0,0
Fluc_spike	74	G	787191,190,52,786578,356,0,0,15,6,8,0,0,0,0,0,0,0,0,0
Fluc_spike	75	A	783783,783447,28,276,29,0,0,3,13,8,0,0,0,0,0,0,0,0,0
Fluc_spike	76	T	788926,71,226,6,788615,0,0,8,4,40,0,0,0,0,0,0,0,0,0
Fluc_spike	77	A	786784,786360,130,219,35,0,0,40,4,3,0,0,0,0,0,0,0,0,0
Fluc_spike	78	C	787835,175,787154,26,447,0,0,33,0,39,0,0,0,0,0,0,0,0,0
Fluc_spike	79	G	785489,278,197,784773,202,0,0,39,4,65,0,0,0,0,0,0,0,0,0
Fluc_spike	80	C	787681,97,787424,24,136,0,0,0,0,0,0,0,0,0,0,0,0,0,0
Fluc_spike	81	C	787785,127,787447,18,193,0,0,0,0,0,0,0,0,0,0,0,0,0,0
Fluc_spike	82	C	787371,287,786866,34,184,0,0,0,3,9,0,0,0,0,0,0,0,0,0
Fluc_spike	83	T	787420,39,227,27,787118,0,0,9,3,5,0,0,0,0,0,0,0,0,0
Fluc_spike	84	G	781479,76,4,781376,23,0,0,0,0,0,0,0,0,0,0,0,0,0,0
Fluc_spike	85	G	781570,21,27,781512,10,0,0,0,0,0,0,0,0,0,0,0,0,0,0
Fluc_spike	86	T	717710,1,12,1,717696,0,0,0,0,0,0,0,0,0,0,0,0,0,0
Fluc_spike	87	T	113667,0,2,0,113665,0,0,0,0,0,0,0,0,0,0,0,0,0,0
Fluc_spike	88	C	51096,0,51096,0,0,0,0,0,0,0,0,0,0,0,0,0,0,0,0
Fluc_spike	89	C	33582,0,33582,0,0,0,0,0,0,0,0,0,0,0,0,0,0,0,0
glyco_Fluc_spike	1	G	31639,0,0,31639,0,0,0,0,0,0,0,0,0,0,0,0,0,0,0
glyco_Fluc_spike	2	A	37488,37488,0,0,0,0,0,0,0,0,0,0,0,0,0,0,0,0,0
glyco_Fluc_spike	3	A	38446,38446,0,0,0,0,0,0,0,0,0,0,0,0,0,0,0,0,0
glyco_Fluc_spike	4	C	39939,0,39939,0,0,0,0,0,6,0,0,0,0,0,0,0,0,0,0
glyco_Fluc_spike	5	G	54653,22,1,54594,36,0,0,0,1,42,0,0,0,0,0,0,0,0,0
glyco_Fluc_spike	6	A	56966,56903,17,4,1,0,0,41,7,35,0,0,0,0,0,0,0,0,0
glyco_Fluc_spike	7	G	57682,32,9,57586,20,0,0,35,6,15,0,0,0,0,0,0,0,0,0
glyco_Fluc_spike	8	C	57989,0,57934,1,54,0,0,0,0,3,0,0,0,0,0,0,0,0,0
glyco_Fluc_spike	9	C	63483,8,63374,3,96,0,0,2,16,59,0,0,0,0,0,0,0,0,0
glyco_Fluc_spike	10	G	64506,68,14,64386,33,0,0,5,1,16,0,0,0,0,0,0,0,0,0
glyco_Fluc_spike	11	G	64690,64,25,64586,11,0,0,4,3,45,0,0,0,0,0,0,0,0,0
glyco_Fluc_spike	12	C	65024,7,64916,3,53,0,0,45,88,60,0,0,0,0,0,0,0,0,0
glyco_Fluc_spike	13	G	64952,73,25,64724,70,0,0,60,27,112,0,0,0,0,0,0,0,0,0
glyco_Fluc_spike	14	C	65194,2,65082,8,96,0,0,6,0,7,0,0,0,0,0,0,0,0,0
glyco_Fluc_spike	15	C	66293,2,66198,3,81,0,0,9,10,42,0,0,0,0,0,0,0,0,0
glyco_Fluc_spike	16	A	67852,67741,5,14,45,0,0,47,14,62,0,0,0,0,0,0,0,0,0
glyco_Fluc_spike	17	T	68134,2,17,2,68107,0,0,6,0,1,0,0,0,0,0,0,0,0,0
glyco_Fluc_spike	18	T	68210,2,31,0,68174,0,0,3,2,6,0,0,0,0,0,0,0,0,0
glyco_Fluc_spike	19	C	68383,23,68333,2,20,0,0,5,2,26,0,0,0,0,0,0,0,0,0
glyco_Fluc_spike	20	T	68355,0,19,4,68312,0,0,20,6,8,0,0,0,0,0,0,0,0,0
glyco_Fluc_spike	21	A	68121,68051,13,20,28,0,0,9,1,8,0,0,0,0,0,0,0,0,0
glyco_Fluc_spike	22	T	68523,2,25,2,68486,0,0,8,3,14,0,0,0,0,0,0,0,0,0
glyco_Fluc_spike	23	C	68549,2,68498,4,43,0,0,2,1,398,0,0,0,0,0,0,0,0,0
glyco_Fluc_spike	24	C	68171,5,68140,2,22,0,0,2,2,26,0,0,0,0,0,0,0,0,0
glyco_Fluc_spike	25	T	68170,1,51,2,68091,0,0,25,21,11,0,0,0,0,0,0,0,0,0
glyco_Fluc_spike	26	C	68034,10,67925,1,84,0,0,14,2,78,0,0,0,0,0,0,0,0,0
glyco_Fluc_spike	27	T	68597,5,37,2,68474,0,0,79,3,151,0,0,0,0,0,0,0,0,0
glyco_Fluc_spike	28	A	79936,79700,17,17,60,0,0,142,34,11,0,0,0,0,0,0,0,0,0
glyco_Fluc_spike	29	G	80205,24,24,80062,86,0,0,9,3,28,0,0,0,0,0,0,0,0,0
glyco_Fluc_spike	30	A	80115,80056,4,18,8,0,0,29,21,117,0,0,0,0,0,0,0,0,0
glyco_Fluc_spike	31	G	80077,105,10,79920,42,0,0,0,3,6,0,0,0,0,0,0,0,0,0
glyco_Fluc_spike	32	G	80083,25,3,80036,17,0,0,2,2,20,0,0,0,0,0,0,0,0,0
glyco_Fluc_spike	33	A	80053,79991,1,19,20,0,0,22,5,13,0,0,0,0,0,0,0,0,0
glyco_Fluc_spike	34	T	80434,6,22,28,80358,0,0,20,46,17,0,0,0,0,0,0,0,0,0
glyco_Fluc_spike	35	G	80183,157,12,79977,36,0,0,1,0,0,0,0,0,0,0,0,0,0,0
glyco_Fluc_spike	36	G	80199,44,3,80125,27,0,0,0,35,51,0,0,0,0,0,0,0,0,0
glyco_Fluc_spike	37	A	80148,80103,9,29,6,0,0,1,0,0,0,0,0,0,0,0,0,0,0
glyco_Fluc_spike	38	A	80156,80095,6,20,34,0,0,1,44,58,0,0,0,0,0,0,0,0,0
glyco_Fluc_spike	39	C	80477,7,80305,6,158,0,0,1,1,14,0,0,0,0,0,0,0,0,0
glyco_Fluc_spike	40	C	80419,5,80304,5,104,0,0,1,20,33,0,0,0,0,0,0,0,0,0
glyco_Fluc_spike	41	G	80227,291,39,79840,24,0,0,33,0,9,0,0,0,0,0,0,0,0,0
glyco_Fluc_spike	42	C	80436,2,80408,0,17,0,0,9,2,10,0,0,0,0,0,0,0,0,0
glyco_Fluc_spike	43	T	80371,2,26,3,80330,0,0,10,16,7,0,0,0,0,0,0,0,0,0
glyco_Fluc_spike	44	G	80149,263,5,79860,21,0,0,0,0,0,0,0,0,0,0,0,0,0,0
glyco_Fluc_spike	45	G	80074,262,4,79795,13,0,0,0,0,5,0,0,0,0,0,0,0,0,0
glyco_Fluc_spike	46	C	80505,5,80484,2,10,0,0,4,0,1,0,0,0,0,0,0,0,0,0
glyco_Fluc_spike	47	T	80144,0,0,1,80142,0,0,1,0,0,0,0,0,0,0,0,0,0,0
glyco_Fluc_spike	48	G	79374,10,1,79361,2,0,0,0,0,0,0,0,0,0,0,0,0,0,0
glyco_Fluc_spike	49	G	76411,0,0,76411,0,0,0,0,0,0,0,0,0,0,0,0,0,0,0
glyco_Fluc_spike	50	T	4215,0,0,0,4215,0,0,0,0,0,0,0,0,0,0,0,0,0,0
glyco_Fluc_spike	51	T	3903,0,0,0,3903,0,0,0,0,0,0,0,0,0,0,0,0,0,0
