chr	pos	ref_base	depth,A,C,G,T,N,Skip,Gap,Insert,Delete,,a,c,g,t,n,skip,gap,insert,delete
Fluc_spike	1	G	2225256,0,0,2225256,0,0,0,0,0,0,0,0,0,0,0,0,0,0,0
Fluc_spike	2	G	2431596,0,0,2431596,0,0,0,0,0,0,0,0,0,0,0,0,0,0,0
Fluc_spike	3	G	2504867,0,0,2504867,0,0,0,0,0,0,0,0,0,0,0,0,0,0,0
Fluc_spike	4	A	2813789,2813480,215,87,7,0,0,0,0,0,0,0,0,0,0,0,0,0,0
Fluc_spike	5	A	2831868,2830608,483,681,96,0,0,0,119,4480,0,0,0,0,0,0,0,0,0
Fluc_spike	6	C	2855005,179,2854119,32,675,0,0,0,1,20,0,0,0,0,0,0,0,0,0
Fluc_spike	7	C	2856250,144,2855352,63,671,0,0,20,85,1563,0,0,0,0,0,0,0,0,0
Fluc_spike	8	A	2844534,2840933,1177,797,50,0,0,1577,55,803,0,0,0,0,0,0,0,0,0
Fluc_spike	9	G	2853027,1370,174,2849235,1406,0,0,842,2320,1231,0,0,0,0,0,0,0,0,0
Fluc_spike	10	C	2859466,284,2857851,92,1225,0,0,14,5,46,0,0,0,0,0,0,0,0,0
Fluc_spike	11	C	2856588,417,2855109,111,932,0,0,19,267,4311,0,0,0,0,0,0,0,0,0
Fluc_spike	12	G	2854120,1365,766,2848455,482,0,0,3052,9,233,0,0,0,0,0,0,0,0,0
Fluc_spike	13	G	2855494,932,385,2850462,671,0,0,3044,476,733,0,0,0,0,0,0,0,0,0
Fluc_spike	14	C	2867362,394,2864614,143,1524,0,0,687,299,1030,0,0,0,0,0,0,0,0,0
Fluc_spike	15	G	2863202,1724,545,2858304,1588,0,0,1041,224,3801,0,0,0,0,0,0,0,0,0
Fluc_spike	16	C	2871380,423,2869605,133,1091,0,0,128,4,146,0,0,0,0,0,0,0,0,0
Fluc_spike	17	C	2878180,304,2876328,115,1192,0,0,241,190,1147,0,0,0,0,0,0,0,0,0
Fluc_spike	18	A	2874898,2871771,637,760,406,0,0,1324,319,1434,0,0,0,0,0,0,0,0,0
Fluc_spike	19	T	2874352,102,973,47,2873065,0,0,165,8,98,0,0,0,0,0,0,0,0,0
Fluc_spike	20	T	2877589,139,1455,38,2875882,0,0,75,111,989,0,0,0,0,0,0,0,0,0
Fluc_spike	21	C	2880827,453,2878559,73,750,0,0,992,118,509,0,0,0,0,0,0,0,0,0
Fluc_spike	22	T	2880045,153,1323,48,2878027,0,0,494,285,107,0,0,0,0,0,0,0,0,0
Fluc_spike	23	A	2869842,2868185,582,715,249,0,0,111,111,45,0,0,0,0,0,0,0,0,0
Fluc_spike	24	T	2881525,161,917,14,2880395,0,0,38,10,135,0,0,0,0,0,0,0,0,0
Fluc_spike	25	C	2880930,231,2880060,44,590,0,0,5,0,262,0,0,0,0,0,0,0,0,0
Fluc_spike	26	C	2878965,547,2877891,77,448,0,0,2,1,63,0,0,0,0,0,0,0,0,0
Fluc_spike	27	T	2878418,128,1422,53,2876753,0,0,62,53,22,0,0,0,0,0,0,0,0,0
Fluc_spike	28	C	2856161,623,2854950,83,483,0,0,22,3,53,0,0,0,0,0,0,0,0,0
Fluc_spike	29	T	2877382,300,920,92,2876015,0,0,55,0,359,0,0,0,0,0,0,0,0,0
Fluc_spike	30	A	2867885,2866222,561,761,219,0,0,122,4,16,0,0,0,0,0,0,0,0,0
Fluc_spike	31	G	2871004,672,293,2868636,1385,0,0,18,80,56,0,0,0,0,0,0,0,0,0
Fluc_spike	32	A	2873369,2872091,181,957,82,0,0,58,13,173,0,0,0,0,0,0,0,0,0
Fluc_spike	33	G	2875700,647,58,2874187,748,0,0,60,4,14,0,0,0,0,0,0,0,0,0
Fluc_spike	34	G	2873865,931,54,2872291,522,0,0,67,20,27,0,0,0,0,0,0,0,0,0
Fluc_spike	35	A	2876574,2875342,212,816,169,0,0,35,6,21,0,0,0,0,0,0,0,0,0
Fluc_spike	36	T	2884591,225,964,146,2883231,0,0,25,8,93,0,0,0,0,0,0,0,0,0
Fluc_spike	37	G	2876824,2951,86,2873362,419,0,0,6,1,3,0,0,0,0,0,0,0,0,0
Fluc_spike	38	G	2877344,837,62,2875813,625,0,0,7,14,95,0,0,0,0,0,0,0,0,0
Fluc_spike	39	A	2877135,2875549,183,1272,128,0,0,3,1,1,0,0,0,0,0,0,0,0,0
Fluc_spike	40	A	2879260,2878218,173,774,92,0,0,3,252,117,0,0,0,0,0,0,0,0,0
Fluc_spike	41	C	2889936,333,2887786,60,1743,0,0,14,10,14,0,0,0,0,0,0,0,0,0
Fluc_spike	42	C	2889667,325,2887469,1135,723,0,0,15,161,67,0,0,0,0,0,0,0,0,0
Fluc_spike	43	G	2872920,1533,134,2870594,578,0,0,81,0,14,0,0,0,0,0,0,0,0,0
Fluc_spike	44	C	2887919,254,2887315,43,279,0,0,28,0,30,0,0,0,0,0,0,0,0,0
Fluc_spike	45	T	2878440,151,1323,95,2876834,0,0,37,0,108,0,0,0,0,0,0,0,0,0
Fluc_spike	46	G	2870806,672,105,2869400,620,0,0,9,6,19,0,0,0,0,0,0,0,0,0
Fluc_spike	47	G	2872351,697,195,2869368,2081,0,0,10,2,35,0,0,0,0,0,0,0,0,0
Fluc_spike	48	A	2880100,2878653,92,1094,222,0,0,39,0,2,0,0,0,0,0,0,0,0,0
Fluc_spike	49	G	2870800,558,144,2868632,1460,0,0,6,0,46,0,0,0,0,0,0,0,0,0
Fluc_spike	50	A	2876547,2874818,457,1084,141,0,0,47,1,40,0,0,0,0,0,0,0,0,0
Fluc_spike	51	G	2870646,752,133,2868595,1125,0,0,41,93,44,0,0,0,0,0,0,0,0,0
Fluc_spike	52	C	2891033,392,2889291,89,1235,0,0,26,45,515,0,0,0,0,0,0,0,0,0
Fluc_spike	53	A	2886506,2885039,151,1088,212,0,0,16,0,7,0,0,0,0,0,0,0,0,0
Fluc_spike	54	A	2882080,2881041,147,688,181,0,0,23,0,7,0,0,0,0,0,0,0,0,0
Fluc_spike	55	C	2893010,390,2891928,79,597,0,0,16,0,30,0,0,0,0,0,0,0,0,0
Fluc_spike	56	T	2887800,215,1282,124,2886149,0,0,30,0,33,0,0,0,0,0,0,0,0,0
Fluc_spike	57	G	2882008,1341,285,2879617,723,0,0,42,1,11,0,0,0,0,0,0,0,0,0
Fluc_spike	58	C	2896405,417,2895245,72,659,0,0,12,0,120,0,0,0,0,0,0,0,0,0
Fluc_spike	59	A	2888111,2886726,227,894,181,0,0,83,19,48,0,0,0,0,0,0,0,0,0
Fluc_spike	60	T	2894093,287,819,20,2892916,0,0,51,11,312,0,0,0,0,0,0,0,0,0
Fluc_spike	61	A	2889917,2888739,109,990,62,0,0,17,2,1,0,0,0,0,0,0,0,0,0
Fluc_spike	62	A	2896609,2895436,147,804,204,0,0,18,54,83,0,0,0,0,0,0,0,0,0
Fluc_spike	63	G	2898976,580,79,2897477,835,0,0,5,1,2,0,0,0,0,0,0,0,0,0
Fluc_spike	64	G	2894993,856,97,2893483,555,0,0,2,1,36,0,0,0,0,0,0,0,0,0
Fluc_spike	65	C	2907717,356,2906629,110,581,0,0,41,3,72,0,0,0,0,0,0,0,0,0
Fluc_spike	66	T	2899241,141,1164,88,2897812,0,0,36,3,47,0,0,0,0,0,0,0,0,0
Fluc_spike	67	A	2893023,2891754,358,699,169,0,0,43,1,20,0,0,0,0,0,0,0,0,0
Fluc_spike	68	T	2903396,273,968,53,2902079,0,0,23,1,59,0,0,0,0,0,0,0,0,0
Fluc_spike	69	G	2894878,967,91,2893032,738,0,0,50,11,246,0,0,0,0,0,0,0,0,0
Fluc_spike	70	A	2900822,2899407,145,1100,162,0,0,8,8,168,0,0,0,0,0,0,0,0,0
Fluc_spike	71	A	2899830,2898313,214,1045,253,0,0,5,1,55,0,0,0,0,0,0,0,0,0
Fluc_spike	72	G	2896301,845,79,2894516,802,0,0,59,59,67,0,0,0,0,0,0,0,0,0
Fluc_spike	73	A	2895137,2893750,109,1045,165,0,0,68,0,42,0,0,0,0,0,0,0,0,0
Fluc_spike	74	G	2898720,767,129,2896836,946,0,0,42,25,49,0,0,0,0,0,0,0,0,0
Fluc_spike	75	A	2884698,2883385,112,1039,139,0,0,23,29,35,0,0,0,0,0,0,0,0,0
Fluc_spike	76	T	2903630,256,821,28,2902488,0,0,37,19,136,0,0,0,0,0,0,0,0,0
Fluc_spike	77	A	2894684,2893320,315,772,139,0,0,138,28,32,0,0,0,0,0,0,0,0,0
Fluc_spike	78	C	2898797,719,2896477,129,1373,0,0,99,9,77,0,0,0,0,0,0,0,0,0
Fluc_spike	79	G	2892575,1023,457,2890350,668,0,0,77,26,255,0,0,0,0,0,0,0,0,0
Fluc_spike	80	C	2896526,325,2895699,67,435,0,0,0,4,0,0,0,0,0,0,0,0,0,0
Fluc_spike	81	C	2898068,433,2896750,69,816,0,0,0,0,0,0,0,0,0,0,0,0,0,0
Fluc_spike	82	C	2896135,837,2894726,93,479,0,0,0,7,56,0,0,0,0,0,0,0,0,0
Fluc_spike	83	T	2896663,166,897,102,2895442,0,0,56,1,61,0,0,0,0,0,0,0,0,0
Fluc_spike	84	G	2876532,299,8,2876120,105,0,0,0,0,0,0,0,0,0,0,0,0,0,0
Fluc_spike	85	G	2874667,127,31,2874455,54,0,0,0,0,0,0,0,0,0,0,0,0,0,0
Fluc_spike	86	T	2631814,16,60,2,2631736,0,0,0,0,0,0,0,0,0,0,0,0,0,0
Fluc_spike	87	T	438853,0,7,0,438846,0,0,0,0,0,0,0,0,0,0,0,0,0,0
Fluc_spike	88	C	201301,0,201301,0,0,0,0,0,0,0,0,0,0,0,0,0,0,0,0
Fluc_spike	89	C	118579,0,118579,0,0,0,0,0,0,0,0,0,0,0,0,0,0,0,0
glyco_Fluc_spike	1	G	63130,0,0,63130,0,0,0,0,0,0,0,0,0,0,0,0,0,0,0
glyco_Fluc_spike	2	A	82342,82342,0,0,0,0,0,0,0,0,0,0,0,0,0,0,0,0,0
glyco_Fluc_spike	3	A	83893,83893,0,0,0,0,0,0,0,0,0,0,0,0,0,0,0,0,0
glyco_Fluc_spike	4	C	85837,1,85836,0,0,0,0,0,9,0,0,0,0,0,0,0,0,0,0
glyco_Fluc_spike	5	G	96573,34,3,96464,72,0,0,0,6,78,0,0,0,0,0,0,0,0,0
glyco_Fluc_spike	6	A	100334,100192,35,20,9,0,0,78,5,83,0,0,0,0,0,0,0,0,0
glyco_Fluc_spike	7	G	102838,87,10,102635,23,0,0,83,4,32,0,0,0,0,0,0,0,0,0
glyco_Fluc_spike	8	C	103472,3,103335,3,127,0,0,4,0,8,0,0,0,0,0,0,0,0,0
glyco_Fluc_spike	9	C	114568,13,114388,1,161,0,0,5,31,149,0,0,0,0,0,0,0,0,0
glyco_Fluc_spike	10	G	116566,116,24,116340,70,0,0,16,1,33,0,0,0,0,0,0,0,0,0
glyco_Fluc_spike	11	G	116962,121,43,116762,22,0,0,14,10,101,0,0,0,0,0,0,0,0,0
glyco_Fluc_spike	12	C	117656,12,117432,10,110,0,0,92,151,151,0,0,0,0,0,0,0,0,0
glyco_Fluc_spike	13	G	117813,149,66,117361,85,0,0,152,66,250,0,0,0,0,0,0,0,0,0
glyco_Fluc_spike	14	C	118386,5,118188,14,171,0,0,8,2,9,0,0,0,0,0,0,0,0,0
glyco_Fluc_spike	15	C	120242,9,120046,7,167,0,0,13,12,89,0,0,0,0,0,0,0,0,0
glyco_Fluc_spike	16	A	121402,121121,3,40,149,0,0,89,23,152,0,0,0,0,0,0,0,0,0
glyco_Fluc_spike	17	T	121852,1,29,4,121792,0,0,26,0,16,0,0,0,0,0,0,0,0,0
glyco_Fluc_spike	18	T	122011,2,49,7,121944,0,0,9,2,15,0,0,0,0,0,0,0,0,0
glyco_Fluc_spike	19	C	122437,17,122365,2,36,0,0,17,5,59,0,0,0,0,0,0,0,0,0
glyco_Fluc_spike	20	T	122459,2,42,18,122344,0,0,53,5,29,0,0,0,0,0,0,0,0,0
glyco_Fluc_spike	21	A	122291,122136,19,32,75,0,0,29,2,32,0,0,0,0,0,0,0,0,0
glyco_Fluc_spike	22	T	123042,5,40,9,122966,0,0,22,15,38,0,0,0,0,0,0,0,0,0
glyco_Fluc_spike	23	C	123028,5,122949,2,67,0,0,5,0,1672,0,0,0,0,0,0,0,0,0
glyco_Fluc_spike	24	C	121448,12,121382,5,43,0,0,6,10,58,0,0,0,0,0,0,0,0,0
glyco_Fluc_spike	25	T	121470,1,112,5,121294,0,0,58,44,37,0,0,0,0,0,0,0,0,0
glyco_Fluc_spike	26	C	121226,13,121017,1,158,0,0,37,6,189,0,0,0,0,0,0,0,0,0
glyco_Fluc_spike	27	T	121908,4,46,2,121665,0,0,191,9,340,0,0,0,0,0,0,0,0,0
glyco_Fluc_spike	28	A	122878,122398,25,42,97,0,0,316,61,31,0,0,0,0,0,0,0,0,0
glyco_Fluc_spike	29	G	123364,85,60,123120,73,0,0,26,8,124,0,0,0,0,0,0,0,0,0
glyco_Fluc_spike	30	A	123270,123068,7,39,31,0,0,125,30,225,0,0,0,0,0,0,0,0,0
glyco_Fluc_spike	31	G	123214,221,23,122900,68,0,0,2,2,21,0,0,0,0,0,0,0,0,0
glyco_Fluc_spike	32	G	123190,74,19,123063,30,0,0,4,5,48,0,0,0,0,0,0,0,0,0
glyco_Fluc_spike	33	A	123193,123008,5,43,86,0,0,51,3,28,0,0,0,0,0,0,0,0,0
glyco_Fluc_spike	34	T	123750,11,48,81,123566,0,0,44,71,44,0,0,0,0,0,0,0,0,0
glyco_Fluc_spike	35	G	123378,346,21,122926,83,0,0,2,0,0,0,0,0,0,0,0,0,0,0
glyco_Fluc_spike	36	G	123394,96,15,123216,65,0,0,2,66,70,0,0,0,0,0,0,0,0,0
glyco_Fluc_spike	37	A	123341,123255,9,58,18,0,0,1,1,0,0,0,0,0,0,0,0,0,0
glyco_Fluc_spike	38	A	123385,123267,13,40,64,0,0,1,54,145,0,0,0,0,0,0,0,0,0
glyco_Fluc_spike	39	C	123814,12,123564,11,226,0,0,1,0,27,0,0,0,0,0,0,0,0,0
glyco_Fluc_spike	40	C	123688,12,123496,5,175,0,0,0,46,62,0,0,0,0,0,0,0,0,0
glyco_Fluc_spike	41	G	123451,574,81,122715,20,0,0,61,4,11,0,0,0,0,0,0,0,0,0
glyco_Fluc_spike	42	C	123852,3,123803,2,33,0,0,11,5,28,0,0,0,0,0,0,0,0,0
glyco_Fluc_spike	43	T	123769,4,60,5,123666,0,0,34,26,17,0,0,0,0,0,0,0,0,0
glyco_Fluc_spike	44	G	123327,509,19,122763,36,0,0,0,0,0,0,0,0,0,0,0,0,0,0
glyco_Fluc_spike	45	G	123188,467,10,122686,25,0,0,0,1,4,0,0,0,0,0,0,0,0,0
glyco_Fluc_spike	46	C	123856,3,123817,3,29,0,0,4,3,3,0,0,0,0,0,0,0,0,0
glyco_Fluc_spike	47	T	123191,0,6,3,123179,0,0,3,0,0,0,0,0,0,0,0,0,0,0
glyco_Fluc_spike	48	G	121848,12,6,121829,1,0,0,0,0,0,0,0,0,0,0,0,0,0,0
glyco_Fluc_spike	49	G	116594,1,0,116593,0,0,0,0,0,0,0,0,0,0,0,0,0,0,0
glyco_Fluc_spike	50	T	8875,0,0,0,8875,0,0,0,0,0,0,0,0,0,0,0,0,0,0
glyco_Fluc_spike	51	T	8242,0,0,0,8242,0,0,0,0,0,0,0,0,0,0,0,0,0,0
