chr	pos	ref_base	depth,A,C,G,T,N,Skip,Gap,Insert,Delete,,a,c,g,t,n,skip,gap,insert,delete
Fluc_spike	1	G	2203565,0,0,2203565,0,0,0,0,0,0,0,0,0,0,0,0,0,0,0
Fluc_spike	2	G	2411766,0,0,2411766,0,0,0,0,0,0,0,0,0,0,0,0,0,0,0
Fluc_spike	3	G	2471217,0,0,2471217,0,0,0,0,0,0,0,0,0,0,0,0,0,0,0
Fluc_spike	4	A	2780394,2780021,252,111,10,0,0,0,0,0,0,0,0,0,0,0,0,0,0
Fluc_spike	5	A	2793991,2792447,548,862,134,0,0,0,152,3842,0,0,0,0,0,0,0,0,0
Fluc_spike	6	C	2816414,193,2815357,43,821,0,0,0,1,14,0,0,0,0,0,0,0,0,0
Fluc_spike	7	C	2817403,383,2816076,61,869,0,0,14,64,1582,0,0,0,0,0,0,0,0,0
Fluc_spike	8	A	2805408,2801556,1184,995,82,0,0,1591,61,785,0,0,0,0,0,0,0,0,0
Fluc_spike	9	G	2813051,1580,274,2808287,2097,0,0,813,1702,1268,0,0,0,0,0,0,0,0,0
Fluc_spike	10	C	2820592,541,2818134,130,1756,0,0,31,9,62,0,0,0,0,0,0,0,0,0
Fluc_spike	11	C	2818937,642,2816739,142,1382,0,0,32,280,3425,0,0,0,0,0,0,0,0,0
Fluc_spike	12	G	2817392,1576,561,2812151,805,0,0,2299,11,247,0,0,0,0,0,0,0,0,0
Fluc_spike	13	G	2818524,968,264,2814253,750,0,0,2289,250,569,0,0,0,0,0,0,0,0,0
Fluc_spike	14	C	2830053,467,2826968,147,1944,0,0,527,303,755,0,0,0,0,0,0,0,0,0
Fluc_spike	15	G	2824427,2029,546,2819102,1991,0,0,759,186,3671,0,0,0,0,0,0,0,0,0
Fluc_spike	16	C	2832240,504,2830243,156,1212,0,0,125,6,112,0,0,0,0,0,0,0,0,0
Fluc_spike	17	C	2837575,478,2835045,128,1705,0,0,219,185,1176,0,0,0,0,0,0,0,0,0
Fluc_spike	18	A	2841485,2838234,597,821,497,0,0,1336,300,1461,0,0,0,0,0,0,0,0,0
Fluc_spike	19	T	2841324,108,1260,32,2839765,0,0,159,7,103,0,0,0,0,0,0,0,0,0
Fluc_spike	20	T	2844971,129,1708,35,2843026,0,0,73,102,897,0,0,0,0,0,0,0,0,0
Fluc_spike	21	C	2847751,772,2845081,82,919,0,0,897,119,565,0,0,0,0,0,0,0,0,0
Fluc_spike	22	T	2847117,147,1427,52,2844936,0,0,555,274,118,0,0,0,0,0,0,0,0,0
Fluc_spike	23	A	2836798,2834807,640,912,319,0,0,120,99,43,0,0,0,0,0,0,0,0,0
Fluc_spike	24	T	2849344,211,1113,20,2847958,0,0,42,8,120,0,0,0,0,0,0,0,0,0
Fluc_spike	25	C	2849286,406,2848081,67,728,0,0,4,1,352,0,0,0,0,0,0,0,0,0
Fluc_spike	26	C	2847924,1098,2846100,124,597,0,0,5,0,46,0,0,0,0,0,0,0,0,0
Fluc_spike	27	T	2846641,126,1762,44,2844663,0,0,46,58,40,0,0,0,0,0,0,0,0,0
Fluc_spike	28	C	2828257,806,2826450,116,842,0,0,43,1,71,0,0,0,0,0,0,0,0,0
Fluc_spike	29	T	2846866,245,1201,63,2845281,0,0,76,1,765,0,0,0,0,0,0,0,0,0
Fluc_spike	30	A	2876465,2874486,572,985,266,0,0,156,3,37,0,0,0,0,0,0,0,0,0
Fluc_spike	31	G	2893424,661,449,2890046,2226,0,0,42,37,63,0,0,0,0,0,0,0,0,0
Fluc_spike	32	A	2901906,2900436,169,1118,120,0,0,63,19,230,0,0,0,0,0,0,0,0,0
Fluc_spike	33	G	2904590,712,83,2902606,1083,0,0,106,0,13,0,0,0,0,0,0,0,0,0
Fluc_spike	34	G	2903937,1008,65,2902123,634,0,0,107,11,26,0,0,0,0,0,0,0,0,0
Fluc_spike	35	A	2906090,2904620,229,1000,210,0,0,31,6,12,0,0,0,0,0,0,0,0,0
Fluc_spike	36	T	2914857,273,1156,89,2913319,0,0,20,16,121,0,0,0,0,0,0,0,0,0
Fluc_spike	37	G	2907990,2369,102,2904831,683,0,0,5,0,0,0,0,0,0,0,0,0,0,0
Fluc_spike	38	G	2909281,996,103,2907290,890,0,0,2,11,107,0,0,0,0,0,0,0,0,0
Fluc_spike	39	A	2909528,2907450,171,1763,142,0,0,2,0,1,0,0,0,0,0,0,0,0,0
Fluc_spike	40	A	2911204,2909939,172,1005,86,0,0,2,206,84,0,0,0,0,0,0,0,0,0
Fluc_spike	41	C	2922739,483,2920496,86,1659,0,0,15,9,42,0,0,0,0,0,0,0,0,0
Fluc_spike	42	C	2922890,589,2920488,747,1052,0,0,14,115,113,0,0,0,0,0,0,0,0,0
Fluc_spike	43	G	2907818,1835,203,2904817,839,0,0,124,1,14,0,0,0,0,0,0,0,0,0
Fluc_spike	44	C	2923673,376,2922780,59,430,0,0,28,2,24,0,0,0,0,0,0,0,0,0
Fluc_spike	45	T	2914512,190,1588,88,2912621,0,0,25,0,231,0,0,0,0,0,0,0,0,0
Fluc_spike	46	G	2907819,920,171,2905710,995,0,0,23,1,24,0,0,0,0,0,0,0,0,0
Fluc_spike	47	G	2911175,832,297,2907237,2788,0,0,21,1,44,0,0,0,0,0,0,0,0,0
Fluc_spike	48	A	2919189,2917458,108,1321,261,0,0,41,0,1,0,0,0,0,0,0,0,0,0
Fluc_spike	49	G	2911795,699,254,2908527,2311,0,0,4,2,44,0,0,0,0,0,0,0,0,0
Fluc_spike	50	A	2918064,2916114,424,1323,158,0,0,45,2,68,0,0,0,0,0,0,0,0,0
Fluc_spike	51	G	2912556,768,216,2910336,1181,0,0,55,104,57,0,0,0,0,0,0,0,0,0
Fluc_spike	52	C	2934380,494,2932096,117,1633,0,0,40,37,422,0,0,0,0,0,0,0,0,0
Fluc_spike	53	A	2929215,2927397,167,1380,251,0,0,20,1,16,0,0,0,0,0,0,0,0,0
Fluc_spike	54	A	2925200,2923842,144,974,205,0,0,35,0,24,0,0,0,0,0,0,0,0,0
Fluc_spike	55	C	2938334,580,2936555,94,1065,0,0,40,1,51,0,0,0,0,0,0,0,0,0
Fluc_spike	56	T	2933114,283,1656,146,2930982,0,0,47,0,57,0,0,0,0,0,0,0,0,0
Fluc_spike	57	G	2941627,1744,329,2938573,918,0,0,63,0,12,0,0,0,0,0,0,0,0,0
Fluc_spike	58	C	2957256,644,2955358,112,1127,0,0,15,0,122,0,0,0,0,0,0,0,0,0
Fluc_spike	59	A	2949102,2947381,252,1149,236,0,0,84,20,43,0,0,0,0,0,0,0,0,0
Fluc_spike	60	T	2956328,335,950,27,2954969,0,0,47,12,397,0,0,0,0,0,0,0,0,0
Fluc_spike	61	A	2965849,2964373,107,1242,93,0,0,34,0,0,0,0,0,0,0,0,0,0,0
Fluc_spike	62	A	2975188,2973575,211,1090,279,0,0,33,72,151,0,0,0,0,0,0,0,0,0
Fluc_spike	63	G	2979242,685,125,2977177,1240,0,0,15,0,3,0,0,0,0,0,0,0,0,0
Fluc_spike	64	G	2976536,912,185,2974551,881,0,0,7,1,50,0,0,0,0,0,0,0,0,0
Fluc_spike	65	C	2989588,470,2988064,136,861,0,0,57,1,105,0,0,0,0,0,0,0,0,0
Fluc_spike	66	T	2981204,144,1436,99,2979491,0,0,34,2,101,0,0,0,0,0,0,0,0,0
Fluc_spike	67	A	2978535,2976869,439,946,210,0,0,71,0,39,0,0,0,0,0,0,0,0,0
Fluc_spike	68	T	2990443,299,1198,41,2988860,0,0,45,2,123,0,0,0,0,0,0,0,0,0
Fluc_spike	69	G	2982209,1169,123,2979752,1036,0,0,129,3,203,0,0,0,0,0,0,0,0,0
Fluc_spike	70	A	2988351,2986389,175,1573,206,0,0,8,10,509,0,0,0,0,0,0,0,0,0
Fluc_spike	71	A	2987047,2985140,261,1283,359,0,0,4,4,85,0,0,0,0,0,0,0,0,0
Fluc_spike	72	G	2983288,1015,116,2980694,1372,0,0,91,83,44,0,0,0,0,0,0,0,0,0
Fluc_spike	73	A	2982413,2980687,129,1297,250,0,0,50,2,74,0,0,0,0,0,0,0,0,0
Fluc_spike	74	G	2985546,832,224,2982947,1466,0,0,77,26,51,0,0,0,0,0,0,0,0,0
Fluc_spike	75	A	2971629,2970073,141,1209,184,0,0,22,27,41,0,0,0,0,0,0,0,0,0
Fluc_spike	76	T	2990323,289,948,38,2989006,0,0,42,18,193,0,0,0,0,0,0,0,0,0
Fluc_spike	77	A	2981020,2979320,334,999,174,0,0,193,28,39,0,0,0,0,0,0,0,0,0
Fluc_spike	78	C	2983764,933,2980538,159,1989,0,0,145,4,146,0,0,0,0,0,0,0,0,0
Fluc_spike	79	G	2978914,1265,732,2975817,953,0,0,147,36,259,0,0,0,0,0,0,0,0,0
Fluc_spike	80	C	2983662,445,2982524,89,604,0,0,0,3,0,0,0,0,0,0,0,0,0,0
Fluc_spike	81	C	2984074,801,2982252,77,944,0,0,0,3,2,0,0,0,0,0,0,0,0,0
Fluc_spike	82	C	2982551,2129,2979523,187,710,0,0,2,5,45,0,0,0,0,0,0,0,0,0
Fluc_spike	83	T	2983087,145,1108,81,2981707,0,0,46,8,64,0,0,0,0,0,0,0,0,0
Fluc_spike	84	G	2963206,308,6,2962760,132,0,0,0,0,0,0,0,0,0,0,0,0,0,0
Fluc_spike	85	G	2961201,129,117,2960890,65,0,0,0,0,0,0,0,0,0,0,0,0,0,0
Fluc_spike	86	T	2697778,10,68,7,2697693,0,0,0,0,0,0,0,0,0,0,0,0,0,0
Fluc_spike	87	T	521962,2,13,1,521946,0,0,0,0,0,0,0,0,0,0,0,0,0,0
Fluc_spike	88	C	249792,0,249792,0,0,0,0,0,0,0,0,0,0,0,0,0,0,0,0
Fluc_spike	89	C	174498,0,174498,0,0,0,0,0,0,0,0,0,0,0,0,0,0,0,0
glyco_Fluc_spike	1	G	113523,0,0,113523,0,0,0,0,0,0,0,0,0,0,0,0,0,0,0
glyco_Fluc_spike	2	A	143984,143984,0,0,0,0,0,0,0,0,0,0,0,0,0,0,0,0,0
glyco_Fluc_spike	3	A	148037,148037,0,0,0,0,0,0,0,0,0,0,0,0,0,0,0,0,0
glyco_Fluc_spike	4	C	154383,0,154383,0,0,0,0,0,26,0,0,0,0,0,0,0,0,0,0
glyco_Fluc_spike	5	G	207234,54,3,207053,124,0,0,0,12,130,0,0,0,0,0,0,0,0,0
glyco_Fluc_spike	6	A	214452,214216,52,41,13,0,0,130,19,147,0,0,0,0,0,0,0,0,0
glyco_Fluc_spike	7	G	216862,151,18,216494,50,0,0,149,12,53,0,0,0,0,0,0,0,0,0
glyco_Fluc_spike	8	C	217954,8,217658,9,274,0,0,5,0,15,0,0,0,0,0,0,0,0,0
glyco_Fluc_spike	9	C	232848,49,232397,15,379,0,0,8,47,284,0,0,0,0,0,0,0,0,0
glyco_Fluc_spike	10	G	237721,240,47,237283,131,0,0,20,7,81,0,0,0,0,0,0,0,0,0
glyco_Fluc_spike	11	G	238690,295,94,238226,62,0,0,13,13,238,0,0,0,0,0,0,0,0,0
glyco_Fluc_spike	12	C	239956,33,239379,18,304,0,0,222,366,342,0,0,0,0,0,0,0,0,0
glyco_Fluc_spike	13	G	239551,306,130,238475,299,0,0,341,119,481,0,0,0,0,0,0,0,0,0
glyco_Fluc_spike	14	C	240355,14,239971,23,339,0,0,8,7,29,0,0,0,0,0,0,0,0,0
glyco_Fluc_spike	15	C	245951,19,245483,21,407,0,0,21,15,206,0,0,0,0,0,0,0,0,0
glyco_Fluc_spike	16	A	255369,254718,13,87,331,0,0,220,71,326,0,0,0,0,0,0,0,0,0
glyco_Fluc_spike	17	T	256545,10,72,14,256402,0,0,47,0,14,0,0,0,0,0,0,0,0,0
glyco_Fluc_spike	18	T	256827,5,110,12,256692,0,0,8,5,25,0,0,0,0,0,0,0,0,0
glyco_Fluc_spike	19	C	257660,43,257493,8,90,0,0,26,4,143,0,0,0,0,0,0,0,0,0
glyco_Fluc_spike	20	T	257605,8,89,26,257363,0,0,119,6,62,0,0,0,0,0,0,0,0,0
glyco_Fluc_spike	21	A	257277,256972,39,73,125,0,0,68,6,56,0,0,0,0,0,0,0,0,0
glyco_Fluc_spike	22	T	258778,8,107,7,258612,0,0,44,7,59,0,0,0,0,0,0,0,0,0
glyco_Fluc_spike	23	C	258718,19,258516,9,160,0,0,14,0,1457,0,0,0,0,0,0,0,0,0
glyco_Fluc_spike	24	C	257567,53,257389,8,107,0,0,10,10,89,0,0,0,0,0,0,0,0,0
glyco_Fluc_spike	25	T	257544,3,222,13,257214,0,0,92,106,61,0,0,0,0,0,0,0,0,0
glyco_Fluc_spike	26	C	257556,37,257078,8,369,0,0,64,6,356,0,0,0,0,0,0,0,0,0
glyco_Fluc_spike	27	T	259701,14,96,4,259228,0,0,359,10,716,0,0,0,0,0,0,0,0,0
glyco_Fluc_spike	28	A	303560,302612,62,63,193,0,0,630,160,61,0,0,0,0,0,0,0,0,0
glyco_Fluc_spike	29	G	304463,132,121,303940,219,0,0,51,21,217,0,0,0,0,0,0,0,0,0
glyco_Fluc_spike	30	A	304168,303786,18,91,56,0,0,217,59,425,0,0,0,0,0,0,0,0,0
glyco_Fluc_spike	31	G	304132,469,42,303475,144,0,0,2,3,43,0,0,0,0,0,0,0,0,0
glyco_Fluc_spike	32	G	304222,126,34,303973,80,0,0,9,8,98,0,0,0,0,0,0,0,0,0
glyco_Fluc_spike	33	A	304098,303732,20,70,170,0,0,106,10,42,0,0,0,0,0,0,0,0,0
glyco_Fluc_spike	34	T	305372,30,102,140,305020,0,0,80,190,90,0,0,0,0,0,0,0,0,0
glyco_Fluc_spike	35	G	304438,677,42,303556,158,0,0,5,0,2,0,0,0,0,0,0,0,0,0
glyco_Fluc_spike	36	G	304553,192,21,304214,120,0,0,6,177,210,0,0,0,0,0,0,0,0,0
glyco_Fluc_spike	37	A	304232,304006,33,146,43,0,0,4,0,2,0,0,0,0,0,0,0,0,0
glyco_Fluc_spike	38	A	304228,303911,47,89,177,0,0,4,219,327,0,0,0,0,0,0,0,0,0
glyco_Fluc_spike	39	C	305368,31,304720,23,590,0,0,4,1,68,0,0,0,0,0,0,0,0,0
glyco_Fluc_spike	40	C	305115,42,304571,32,468,0,0,2,95,99,0,0,0,0,0,0,0,0,0
glyco_Fluc_spike	41	G	304613,1148,171,303132,65,0,0,97,15,26,0,0,0,0,0,0,0,0,0
glyco_Fluc_spike	42	C	305232,25,305079,7,95,0,0,26,17,38,0,0,0,0,0,0,0,0,0
glyco_Fluc_spike	43	T	305149,10,103,13,304978,0,0,45,38,28,0,0,0,0,0,0,0,0,0
glyco_Fluc_spike	44	G	304394,884,41,303390,78,0,0,1,0,0,0,0,0,0,0,0,0,0,0
glyco_Fluc_spike	45	G	304196,853,24,303272,46,0,0,1,2,9,0,0,0,0,0,0,0,0,0
glyco_Fluc_spike	46	C	305594,26,305485,7,67,0,0,9,2,4,0,0,0,0,0,0,0,0,0
glyco_Fluc_spike	47	T	304407,1,11,1,304390,0,0,4,0,0,0,0,0,0,0,0,0,0,0
glyco_Fluc_spike	48	G	301267,14,2,301240,11,0,0,0,0,0,0,0,0,0,0,0,0,0,0
glyco_Fluc_spike	49	G	288027,0,0,288027,0,0,0,0,0,0,0,0,0,0,0,0,0,0,0
glyco_Fluc_spike	50	T	10865,0,0,0,10865,0,0,0,0,0,0,0,0,0,0,0,0,0,0
glyco_Fluc_spike	51	T	9487,0,0,0,9487,0,0,0,0,0,0,0,0,0,0,0,0,0,0
