chr	pos	ref_base	depth,A,C,G,T,N,Skip,Gap,Insert,Delete,,a,c,g,t,n,skip,gap,insert,delete
Fluc_spike	1	G	33184,0,0,33184,0,0,0,0,0,0,0,0,0,0,0,0,0,0,0
Fluc_spike	2	G	35914,0,0,35914,0,0,0,0,0,0,0,0,0,0,0,0,0,0,0
Fluc_spike	3	G	36740,0,0,36740,0,0,0,0,0,0,0,0,0,0,0,0,0,0,0
Fluc_spike	4	A	40814,40808,1,5,0,0,0,0,0,0,0,0,0,0,0,0,0,0,0
Fluc_spike	5	A	40985,40963,8,11,3,0,0,0,1,69,0,0,0,0,0,0,0,0,0
Fluc_spike	6	C	41268,6,41250,1,11,0,0,0,0,0,0,0,0,0,0,0,0,0,0
Fluc_spike	7	C	41290,3,41272,0,15,0,0,0,1,24,0,0,0,0,0,0,0,0,0
Fluc_spike	8	A	41133,41083,19,6,1,0,0,24,0,8,0,0,0,0,0,0,0,0,0
Fluc_spike	9	G	41273,22,4,41207,31,0,0,9,27,17,0,0,0,0,0,0,0,0,0
Fluc_spike	10	C	41369,6,41341,3,17,0,0,2,0,0,0,0,0,0,0,0,0,0,0
Fluc_spike	11	C	41408,5,41393,3,7,0,0,0,6,52,0,0,0,0,0,0,0,0,0
Fluc_spike	12	G	41357,21,9,41287,6,0,0,34,0,5,0,0,0,0,0,0,0,0,0
Fluc_spike	13	G	41403,12,2,41348,6,0,0,35,3,10,0,0,0,0,0,0,0,0,0
Fluc_spike	14	C	41564,3,41533,1,17,0,0,10,3,10,0,0,0,0,0,0,0,0,0
Fluc_spike	15	G	41490,19,3,41434,23,0,0,11,2,51,0,0,0,0,0,0,0,0,0
Fluc_spike	16	C	41620,8,41593,2,13,0,0,4,0,1,0,0,0,0,0,0,0,0,0
Fluc_spike	17	C	41735,6,41706,2,16,0,0,5,1,15,0,0,0,0,0,0,0,0,0
Fluc_spike	18	A	41732,41695,7,8,4,0,0,18,3,20,0,0,0,0,0,0,0,0,0
Fluc_spike	19	T	41738,0,15,1,41719,0,0,3,0,2,0,0,0,0,0,0,0,0,0
Fluc_spike	20	T	41768,2,21,0,41743,0,0,2,1,13,0,0,0,0,0,0,0,0,0
Fluc_spike	21	C	41815,8,41784,1,9,0,0,13,2,9,0,0,0,0,0,0,0,0,0
Fluc_spike	22	T	41808,2,17,1,41780,0,0,8,2,1,0,0,0,0,0,0,0,0,0
Fluc_spike	23	A	41679,41661,9,4,4,0,0,1,0,0,0,0,0,0,0,0,0,0,0
Fluc_spike	24	T	41833,0,9,0,41824,0,0,0,0,1,0,0,0,0,0,0,0,0,0
Fluc_spike	25	C	41856,8,41840,0,8,0,0,0,0,4,0,0,0,0,0,0,0,0,0
Fluc_spike	26	C	41843,5,41821,4,13,0,0,0,0,0,0,0,0,0,0,0,0,0,0
Fluc_spike	27	T	41841,3,26,0,41812,0,0,0,1,0,0,0,0,0,0,0,0,0,0
Fluc_spike	28	C	41566,11,41546,1,8,0,0,0,0,2,0,0,0,0,0,0,0,0,0
Fluc_spike	29	T	41831,7,11,0,41811,0,0,2,0,7,0,0,0,0,0,0,0,0,0
Fluc_spike	30	A	41898,41874,9,11,3,0,0,1,0,0,0,0,0,0,0,0,0,0,0
Fluc_spike	31	G	42047,12,6,42012,17,0,0,0,0,1,0,0,0,0,0,0,0,0,0
Fluc_spike	32	A	42165,42149,3,12,0,0,0,1,1,3,0,0,0,0,0,0,0,0,0
Fluc_spike	33	G	42207,6,2,42186,12,0,0,1,0,0,0,0,0,0,0,0,0,0,0
Fluc_spike	34	G	42213,17,1,42187,7,0,0,1,0,0,0,0,0,0,0,0,0,0,0
Fluc_spike	35	A	42197,42186,2,9,0,0,0,0,0,0,0,0,0,0,0,0,0,0,0
Fluc_spike	36	T	42340,4,16,0,42320,0,0,0,1,2,0,0,0,0,0,0,0,0,0
Fluc_spike	37	G	42227,29,4,42187,7,0,0,0,0,0,0,0,0,0,0,0,0,0,0
Fluc_spike	38	G	42258,10,0,42238,10,0,0,0,1,1,0,0,0,0,0,0,0,0,0
Fluc_spike	39	A	42247,42231,1,14,1,0,0,0,0,0,0,0,0,0,0,0,0,0,0
Fluc_spike	40	A	42264,42249,2,11,2,0,0,0,0,1,0,0,0,0,0,0,0,0,0
Fluc_spike	41	C	42437,7,42418,2,10,0,0,0,0,0,0,0,0,0,0,0,0,0,0
Fluc_spike	42	C	42438,9,42407,8,14,0,0,0,0,0,0,0,0,0,0,0,0,0,0
Fluc_spike	43	G	42225,17,1,42200,7,0,0,0,0,0,0,0,0,0,0,0,0,0,0
Fluc_spike	44	C	42418,3,42408,1,6,0,0,0,0,1,0,0,0,0,0,0,0,0,0
Fluc_spike	45	T	42298,2,15,1,42280,0,0,0,0,4,0,0,0,0,0,0,0,0,0
Fluc_spike	46	G	42209,9,4,42190,6,0,0,0,0,0,0,0,0,0,0,0,0,0,0
Fluc_spike	47	G	42238,13,2,42176,47,0,0,0,0,0,0,0,0,0,0,0,0,0,0
Fluc_spike	48	A	42345,42326,1,15,3,0,0,0,0,0,0,0,0,0,0,0,0,0,0
Fluc_spike	49	G	42237,7,4,42191,35,0,0,0,0,0,0,0,0,0,0,0,0,0,0
Fluc_spike	50	A	42313,42289,3,19,2,0,0,0,0,1,0,0,0,0,0,0,0,0,0
Fluc_spike	51	G	42209,9,3,42174,22,0,0,1,0,0,0,0,0,0,0,0,0,0,0
Fluc_spike	52	C	42548,9,42518,3,18,0,0,0,0,3,0,0,0,0,0,0,0,0,0
Fluc_spike	53	A	42451,42422,2,21,5,0,0,1,0,1,0,0,0,0,0,0,0,0,0
Fluc_spike	54	A	42411,42396,2,11,0,0,0,2,0,0,0,0,0,0,0,0,0,0,0
Fluc_spike	55	C	42618,7,42597,1,12,0,0,1,0,1,0,0,0,0,0,0,0,0,0
Fluc_spike	56	T	42512,5,20,1,42485,0,0,1,0,1,0,0,0,0,0,0,0,0,0
Fluc_spike	57	G	42524,17,4,42480,22,0,0,1,0,0,0,0,0,0,0,0,0,0,0
Fluc_spike	58	C	42747,9,42723,3,12,0,0,0,0,3,0,0,0,0,0,0,0,0,0
Fluc_spike	59	A	42607,42588,4,11,3,0,0,1,1,1,0,0,0,0,0,0,0,0,0
Fluc_spike	60	T	42726,1,6,0,42718,0,0,1,1,5,0,0,0,0,0,0,0,0,0
Fluc_spike	61	A	42744,42727,1,15,0,0,0,1,0,0,0,0,0,0,0,0,0,0,0
Fluc_spike	62	A	42903,42888,1,9,4,0,0,1,1,1,0,0,0,0,0,0,0,0,0
Fluc_spike	63	G	42945,6,0,42932,6,0,0,1,0,0,0,0,0,0,0,0,0,0,0
Fluc_spike	64	G	42886,7,3,42865,11,0,0,0,1,0,0,0,0,0,0,0,0,0,0
Fluc_spike	65	C	43070,11,43043,2,14,0,0,0,0,2,0,0,0,0,0,0,0,0,0
Fluc_spike	66	T	42952,0,14,1,42936,0,0,1,0,1,0,0,0,0,0,0,0,0,0
Fluc_spike	67	A	42911,42888,7,14,1,0,0,1,0,2,0,0,0,0,0,0,0,0,0
Fluc_spike	68	T	43038,2,12,0,43022,0,0,2,0,1,0,0,0,0,0,0,0,0,0
Fluc_spike	69	G	42940,14,0,42915,8,0,0,3,0,5,0,0,0,0,0,0,0,0,0
Fluc_spike	70	A	42997,42970,3,20,4,0,0,0,0,4,0,0,0,0,0,0,0,0,0
Fluc_spike	71	A	42976,42950,4,12,10,0,0,0,0,0,0,0,0,0,0,0,0,0,0
Fluc_spike	72	G	42942,18,2,42911,11,0,0,0,0,0,0,0,0,0,0,0,0,0,0
Fluc_spike	73	A	42920,42910,1,7,2,0,0,0,0,0,0,0,0,0,0,0,0,0,0
Fluc_spike	74	G	42962,13,1,42939,9,0,0,0,0,0,0,0,0,0,0,0,0,0,0
Fluc_spike	75	A	42785,42770,1,13,1,0,0,0,0,0,0,0,0,0,0,0,0,0,0
Fluc_spike	76	T	43051,3,14,0,43034,0,0,0,1,0,0,0,0,0,0,0,0,0,0
Fluc_spike	77	A	42915,42894,10,9,2,0,0,0,1,0,0,0,0,0,0,0,0,0,0
Fluc_spike	78	C	42966,10,42932,0,24,0,0,0,0,2,0,0,0,0,0,0,0,0,0
Fluc_spike	79	G	42899,15,3,42865,14,0,0,2,0,5,0,0,0,0,0,0,0,0,0
Fluc_spike	80	C	42962,7,42948,2,5,0,0,0,0,0,0,0,0,0,0,0,0,0,0
Fluc_spike	81	C	42967,7,42954,1,5,0,0,0,0,0,0,0,0,0,0,0,0,0,0
Fluc_spike	82	C	42959,15,42939,1,4,0,0,0,0,1,0,0,0,0,0,0,0,0,0
Fluc_spike	83	T	42952,1,13,0,42937,0,0,1,0,0,0,0,0,0,0,0,0,0,0
Fluc_spike	84	G	42692,5,0,42684,3,0,0,0,0,0,0,0,0,0,0,0,0,0,0
Fluc_spike	85	G	42660,1,1,42658,0,0,0,0,0,0,0,0,0,0,0,0,0,0,0
Fluc_spike	86	T	39252,0,0,0,39252,0,0,0,0,0,0,0,0,0,0,0,0,0,0
Fluc_spike	87	T	6461,0,0,0,6461,0,0,0,0,0,0,0,0,0,0,0,0,0,0
Fluc_spike	88	C	2958,0,2958,0,0,0,0,0,0,0,0,0,0,0,0,0,0,0,0
Fluc_spike	89	C	1911,0,1911,0,0,0,0,0,0,0,0,0,0,0,0,0,0,0,0
glyco_Fluc_spike	1	G	7011,0,0,7011,0,0,0,0,0,0,0,0,0,0,0,0,0,0,0
glyco_Fluc_spike	2	A	8444,8444,0,0,0,0,0,0,0,0,0,0,0,0,0,0,0,0,0
glyco_Fluc_spike	3	A	8670,8670,0,0,0,0,0,0,0,0,0,0,0,0,0,0,0,0,0
glyco_Fluc_spike	4	C	9014,0,9013,0,1,0,0,0,0,0,0,0,0,0,0,0,0,0,0
glyco_Fluc_spike	5	G	11371,4,0,11355,12,0,0,0,0,12,0,0,0,0,0,0,0,0,0
glyco_Fluc_spike	6	A	11852,11835,4,1,0,0,0,12,4,8,0,0,0,0,0,0,0,0,0
glyco_Fluc_spike	7	G	12051,7,0,12032,4,0,0,8,1,2,0,0,0,0,0,0,0,0,0
glyco_Fluc_spike	8	C	12118,0,12103,4,9,0,0,2,0,2,0,0,0,0,0,0,0,0,0
glyco_Fluc_spike	9	C	13146,3,13127,0,14,0,0,2,5,13,0,0,0,0,0,0,0,0,0
glyco_Fluc_spike	10	G	13334,10,5,13316,2,0,0,1,1,6,0,0,0,0,0,0,0,0,0
glyco_Fluc_spike	11	G	13369,18,5,13343,3,0,0,0,1,9,0,0,0,0,0,0,0,0,0
glyco_Fluc_spike	12	C	13453,3,13425,0,17,0,0,8,22,14,0,0,0,0,0,0,0,0,0
glyco_Fluc_spike	13	G	13459,18,9,13408,10,0,0,14,3,21,0,0,0,0,0,0,0,0,0
glyco_Fluc_spike	14	C	13508,3,13484,1,19,0,0,1,0,1,0,0,0,0,0,0,0,0,0
glyco_Fluc_spike	15	C	13735,2,13712,2,17,0,0,2,1,10,0,0,0,0,0,0,0,0,0
glyco_Fluc_spike	16	A	13946,13922,0,0,12,0,0,12,4,17,0,0,0,0,0,0,0,0,0
glyco_Fluc_spike	17	T	13984,1,5,0,13975,0,0,3,0,0,0,0,0,0,0,0,0,0,0
glyco_Fluc_spike	18	T	14013,0,3,1,14007,0,0,2,0,1,0,0,0,0,0,0,0,0,0
glyco_Fluc_spike	19	C	14048,1,14041,0,4,0,0,2,0,9,0,0,0,0,0,0,0,0,0
glyco_Fluc_spike	20	T	14053,0,9,0,14034,0,0,10,2,3,0,0,0,0,0,0,0,0,0
glyco_Fluc_spike	21	A	13993,13977,1,5,7,0,0,3,0,3,0,0,0,0,0,0,0,0,0
glyco_Fluc_spike	22	T	14092,0,9,0,14081,0,0,2,2,2,0,0,0,0,0,0,0,0,0
glyco_Fluc_spike	23	C	14088,2,14082,0,3,0,0,1,0,151,0,0,0,0,0,0,0,0,0
glyco_Fluc_spike	24	C	13945,3,13939,0,2,0,0,1,0,9,0,0,0,0,0,0,0,0,0
glyco_Fluc_spike	25	T	13949,1,15,2,13922,0,0,9,4,4,0,0,0,0,0,0,0,0,0
glyco_Fluc_spike	26	C	13935,1,13904,0,26,0,0,4,2,24,0,0,0,0,0,0,0,0,0
glyco_Fluc_spike	27	T	14028,0,6,0,13998,0,0,24,4,43,0,0,0,0,0,0,0,0,0
glyco_Fluc_spike	28	A	15281,15233,0,2,8,0,0,38,3,5,0,0,0,0,0,0,0,0,0
glyco_Fluc_spike	29	G	15338,7,6,15311,7,0,0,7,1,13,0,0,0,0,0,0,0,0,0
glyco_Fluc_spike	30	A	15320,15297,0,4,5,0,0,14,3,19,0,0,0,0,0,0,0,0,0
glyco_Fluc_spike	31	G	15315,19,4,15288,3,0,0,1,1,5,0,0,0,0,0,0,0,0,0
glyco_Fluc_spike	32	G	15318,10,2,15303,2,0,0,1,1,2,0,0,0,0,0,0,0,0,0
glyco_Fluc_spike	33	A	15303,15288,1,3,8,0,0,3,0,1,0,0,0,0,0,0,0,0,0
glyco_Fluc_spike	34	T	15379,1,9,8,15359,0,0,2,7,4,0,0,0,0,0,0,0,0,0
glyco_Fluc_spike	35	G	15341,38,4,15287,12,0,0,0,0,0,0,0,0,0,0,0,0,0,0
glyco_Fluc_spike	36	G	15332,8,0,15316,8,0,0,0,7,5,0,0,0,0,0,0,0,0,0
glyco_Fluc_spike	37	A	15333,15325,0,4,3,0,0,1,0,0,0,0,0,0,0,0,0,0,0
glyco_Fluc_spike	38	A	15327,15315,2,3,6,0,0,1,12,14,0,0,0,0,0,0,0,0,0
glyco_Fluc_spike	39	C	15386,2,15361,0,23,0,0,0,0,5,0,0,0,0,0,0,0,0,0
glyco_Fluc_spike	40	C	15375,4,15353,1,17,0,0,0,4,5,0,0,0,0,0,0,0,0,0
glyco_Fluc_spike	41	G	15339,71,7,15253,3,0,0,5,1,0,0,0,0,0,0,0,0,0,0
glyco_Fluc_spike	42	C	15380,2,15376,0,2,0,0,0,0,3,0,0,0,0,0,0,0,0,0
glyco_Fluc_spike	43	T	15373,0,5,0,15365,0,0,3,6,1,0,0,0,0,0,0,0,0,0
glyco_Fluc_spike	44	G	15326,46,2,15274,4,0,0,0,0,0,0,0,0,0,0,0,0,0,0
glyco_Fluc_spike	45	G	15322,44,1,15273,4,0,0,0,0,0,0,0,0,0,0,0,0,0,0
glyco_Fluc_spike	46	C	15400,2,15395,0,3,0,0,0,0,0,0,0,0,0,0,0,0,0,0
glyco_Fluc_spike	47	T	15338,0,2,0,15336,0,0,0,0,0,0,0,0,0,0,0,0,0,0
glyco_Fluc_spike	48	G	15197,1,0,15196,0,0,0,0,0,0,0,0,0,0,0,0,0,0,0
glyco_Fluc_spike	49	G	14576,0,0,14576,0,0,0,0,0,0,0,0,0,0,0,0,0,0,0
glyco_Fluc_spike	50	T	837,0,0,0,837,0,0,0,0,0,0,0,0,0,0,0,0,0,0
glyco_Fluc_spike	51	T	765,0,0,0,765,0,0,0,0,0,0,0,0,0,0,0,0,0,0
