chr	pos	ref_base	depth,A,C,G,T,N,Skip,Gap,Insert,Delete,,a,c,g,t,n,skip,gap,insert,delete
Fluc_spike	1	G	7,0,0,7,0,0,0,0,0,0,0,0,0,0,0,0,0,0,0
Fluc_spike	2	G	10,0,0,10,0,0,0,0,0,0,0,0,0,0,0,0,0,0,0
Fluc_spike	3	G	13,0,0,13,0,0,0,0,0,0,0,0,0,0,0,0,0,0,0
Fluc_spike	4	A	13,13,0,0,0,0,0,0,0,0,0,0,0,0,0,0,0,0,0
Fluc_spike	5	A	13,13,0,0,0,0,0,0,0,0,0,0,0,0,0,0,0,0,0
Fluc_spike	6	C	13,0,13,0,0,0,0,0,0,0,0,0,0,0,0,0,0,0,0
Fluc_spike	7	C	13,0,13,0,0,0,0,0,0,0,0,0,0,0,0,0,0,0,0
Fluc_spike	8	A	12,12,0,0,0,0,0,0,0,0,0,0,0,0,0,0,0,0,0
Fluc_spike	9	G	12,0,0,12,0,0,0,0,0,0,0,0,0,0,0,0,0,0,0
Fluc_spike	10	C	13,0,13,0,0,0,0,0,0,0,0,0,0,0,0,0,0,0,0
Fluc_spike	11	C	13,0,13,0,0,0,0,0,0,0,0,0,0,0,0,0,0,0,0
Fluc_spike	12	G	12,0,0,12,0,0,0,0,0,0,0,0,0,0,0,0,0,0,0
Fluc_spike	13	G	12,0,0,12,0,0,0,0,0,0,0,0,0,0,0,0,0,0,0
Fluc_spike	14	C	13,0,13,0,0,0,0,0,0,0,0,0,0,0,0,0,0,0,0
Fluc_spike	15	G	13,0,0,13,0,0,0,0,0,0,0,0,0,0,0,0,0,0,0
Fluc_spike	16	C	13,0,13,0,0,0,0,0,0,0,0,0,0,0,0,0,0,0,0
Fluc_spike	17	C	13,0,13,0,0,0,0,0,0,0,0,0,0,0,0,0,0,0,0
Fluc_spike	18	A	13,13,0,0,0,0,0,0,0,0,0,0,0,0,0,0,0,0,0
Fluc_spike	19	T	13,0,0,0,13,0,0,0,0,0,0,0,0,0,0,0,0,0,0
Fluc_spike	20	T	12,0,0,0,12,0,0,0,0,0,0,0,0,0,0,0,0,0,0
Fluc_spike	21	C	13,0,13,0,0,0,0,0,0,0,0,0,0,0,0,0,0,0,0
Fluc_spike	22	T	13,0,0,0,13,0,0,0,0,0,0,0,0,0,0,0,0,0,0
Fluc_spike	23	A	13,13,0,0,0,0,0,0,0,0,0,0,0,0,0,0,0,0,0
Fluc_spike	24	T	13,0,0,0,13,0,0,0,0,0,0,0,0,0,0,0,0,0,0
Fluc_spike	25	C	13,0,13,0,0,0,0,0,0,0,0,0,0,0,0,0,0,0,0
Fluc_spike	26	C	13,0,13,0,0,0,0,0,0,0,0,0,0,0,0,0,0,0,0
Fluc_spike	27	T	13,0,0,0,13,0,0,0,0,0,0,0,0,0,0,0,0,0,0
Fluc_spike	28	C	12,0,12,0,0,0,0,0,0,0,0,0,0,0,0,0,0,0,0
Fluc_spike	29	T	13,0,0,0,13,0,0,0,0,0,0,0,0,0,0,0,0,0,0
Fluc_spike	30	A	13,13,0,0,0,0,0,0,0,0,0,0,0,0,0,0,0,0,0
Fluc_spike	31	G	13,0,0,12,1,0,0,0,0,0,0,0,0,0,0,0,0,0,0
Fluc_spike	32	A	13,13,0,0,0,0,0,0,0,0,0,0,0,0,0,0,0,0,0
Fluc_spike	33	G	13,0,0,13,0,0,0,0,0,0,0,0,0,0,0,0,0,0,0
Fluc_spike	34	G	13,0,0,13,0,0,0,0,0,0,0,0,0,0,0,0,0,0,0
Fluc_spike	35	A	13,13,0,0,0,0,0,0,0,0,0,0,0,0,0,0,0,0,0
Fluc_spike	36	T	13,0,0,0,13,0,0,0,0,0,0,0,0,0,0,0,0,0,0
Fluc_spike	37	G	13,0,0,13,0,0,0,0,0,0,0,0,0,0,0,0,0,0,0
Fluc_spike	38	G	13,0,0,13,0,0,0,0,0,0,0,0,0,0,0,0,0,0,0
Fluc_spike	39	A	13,13,0,0,0,0,0,0,0,0,0,0,0,0,0,0,0,0,0
Fluc_spike	40	A	13,13,0,0,0,0,0,0,0,0,0,0,0,0,0,0,0,0,0
Fluc_spike	41	C	13,0,13,0,0,0,0,0,0,0,0,0,0,0,0,0,0,0,0
Fluc_spike	42	C	13,0,13,0,0,0,0,0,0,0,0,0,0,0,0,0,0,0,0
Fluc_spike	43	G	13,0,0,13,0,0,0,0,0,0,0,0,0,0,0,0,0,0,0
Fluc_spike	44	C	13,0,13,0,0,0,0,0,0,0,0,0,0,0,0,0,0,0,0
Fluc_spike	45	T	13,0,0,0,13,0,0,0,0,0,0,0,0,0,0,0,0,0,0
Fluc_spike	46	G	12,0,0,12,0,0,0,0,0,0,0,0,0,0,0,0,0,0,0
Fluc_spike	47	G	13,0,0,13,0,0,0,0,0,0,0,0,0,0,0,0,0,0,0
Fluc_spike	48	A	13,13,0,0,0,0,0,0,0,0,0,0,0,0,0,0,0,0,0
Fluc_spike	49	G	13,0,0,13,0,0,0,0,0,0,0,0,0,0,0,0,0,0,0
Fluc_spike	50	A	13,13,0,0,0,0,0,0,0,0,0,0,0,0,0,0,0,0,0
Fluc_spike	51	G	13,0,0,13,0,0,0,0,0,0,0,0,0,0,0,0,0,0,0
Fluc_spike	52	C	13,0,13,0,0,0,0,0,0,0,0,0,0,0,0,0,0,0,0
Fluc_spike	53	A	13,13,0,0,0,0,0,0,0,0,0,0,0,0,0,0,0,0,0
Fluc_spike	54	A	13,13,0,0,0,0,0,0,0,0,0,0,0,0,0,0,0,0,0
Fluc_spike	55	C	13,0,13,0,0,0,0,0,0,0,0,0,0,0,0,0,0,0,0
Fluc_spike	56	T	13,0,0,0,13,0,0,0,0,0,0,0,0,0,0,0,0,0,0
Fluc_spike	57	G	13,0,0,13,0,0,0,0,0,0,0,0,0,0,0,0,0,0,0
Fluc_spike	58	C	13,0,13,0,0,0,0,0,0,0,0,0,0,0,0,0,0,0,0
Fluc_spike	59	A	13,13,0,0,0,0,0,0,0,0,0,0,0,0,0,0,0,0,0
Fluc_spike	60	T	13,0,0,0,13,0,0,0,0,0,0,0,0,0,0,0,0,0,0
Fluc_spike	61	A	13,13,0,0,0,0,0,0,0,0,0,0,0,0,0,0,0,0,0
Fluc_spike	62	A	13,13,0,0,0,0,0,0,0,0,0,0,0,0,0,0,0,0,0
Fluc_spike	63	G	13,0,0,13,0,0,0,0,0,0,0,0,0,0,0,0,0,0,0
Fluc_spike	64	G	13,0,0,13,0,0,0,0,0,0,0,0,0,0,0,0,0,0,0
Fluc_spike	65	C	13,0,13,0,0,0,0,0,0,0,0,0,0,0,0,0,0,0,0
Fluc_spike	66	T	13,0,0,0,13,0,0,0,0,0,0,0,0,0,0,0,0,0,0
Fluc_spike	67	A	13,13,0,0,0,0,0,0,0,0,0,0,0,0,0,0,0,0,0
Fluc_spike	68	T	13,0,0,0,13,0,0,0,0,0,0,0,0,0,0,0,0,0,0
Fluc_spike	69	G	13,0,0,13,0,0,0,0,0,0,0,0,0,0,0,0,0,0,0
Fluc_spike	70	A	13,13,0,0,0,0,0,0,0,0,0,0,0,0,0,0,0,0,0
Fluc_spike	71	A	13,13,0,0,0,0,0,0,0,0,0,0,0,0,0,0,0,0,0
Fluc_spike	72	G	13,0,0,13,0,0,0,0,0,0,0,0,0,0,0,0,0,0,0
Fluc_spike	73	A	13,13,0,0,0,0,0,0,0,0,0,0,0,0,0,0,0,0,0
Fluc_spike	74	G	13,0,0,13,0,0,0,0,0,0,0,0,0,0,0,0,0,0,0
Fluc_spike	75	A	13,13,0,0,0,0,0,0,0,0,0,0,0,0,0,0,0,0,0
Fluc_spike	76	T	13,0,0,0,13,0,0,0,0,0,0,0,0,0,0,0,0,0,0
Fluc_spike	77	A	13,13,0,0,0,0,0,0,0,0,0,0,0,0,0,0,0,0,0
Fluc_spike	78	C	13,0,13,0,0,0,0,0,0,0,0,0,0,0,0,0,0,0,0
Fluc_spike	79	G	13,0,0,13,0,0,0,0,0,0,0,0,0,0,0,0,0,0,0
Fluc_spike	80	C	13,0,13,0,0,0,0,0,0,0,0,0,0,0,0,0,0,0,0
Fluc_spike	81	C	13,0,13,0,0,0,0,0,0,0,0,0,0,0,0,0,0,0,0
Fluc_spike	82	C	13,0,13,0,0,0,0,0,0,0,0,0,0,0,0,0,0,0,0
Fluc_spike	83	T	13,0,0,0,13,0,0,0,0,0,0,0,0,0,0,0,0,0,0
Fluc_spike	84	G	13,0,0,13,0,0,0,0,0,0,0,0,0,0,0,0,0,0,0
Fluc_spike	85	G	13,0,0,13,0,0,0,0,0,0,0,0,0,0,0,0,0,0,0
Fluc_spike	86	T	13,0,0,0,13,0,0,0,0,0,0,0,0,0,0,0,0,0,0
Fluc_spike	87	T	6,0,0,0,6,0,0,0,0,0,0,0,0,0,0,0,0,0,0
Fluc_spike	88	C	3,0,3,0,0,0,0,0,0,0,0,0,0,0,0,0,0,0,0
glyco_Fluc_spike	1	G	6027,0,0,6027,0,0,0,0,0,0,0,0,0,0,0,0,0,0,0
glyco_Fluc_spike	2	A	6658,6658,0,0,0,0,0,0,0,0,0,0,0,0,0,0,0,0,0
glyco_Fluc_spike	3	A	6739,6739,0,0,0,0,0,0,0,0,0,0,0,0,0,0,0,0,0
glyco_Fluc_spike	4	C	6908,0,6907,0,1,0,0,0,1,0,0,0,0,0,0,0,0,0,0
glyco_Fluc_spike	5	G	9507,2,7,9489,9,0,0,0,0,2,0,0,0,0,0,0,0,0,0
glyco_Fluc_spike	6	A	9743,9729,5,6,1,0,0,2,0,4,0,0,0,0,0,0,0,0,0
glyco_Fluc_spike	7	G	9828,10,1,9812,1,0,0,4,1,1,0,0,0,0,0,0,0,0,0
glyco_Fluc_spike	8	C	9870,0,9857,1,12,0,0,0,0,1,0,0,0,0,0,0,0,0,0
glyco_Fluc_spike	9	C	10467,2,10448,0,16,0,0,1,1,7,0,0,0,0,0,0,0,0,0
glyco_Fluc_spike	10	G	10593,9,2,10580,1,0,0,1,0,0,0,0,0,0,0,0,0,0,0
glyco_Fluc_spike	11	G	10620,8,3,10609,0,0,0,0,0,6,0,0,0,0,0,0,0,0,0
glyco_Fluc_spike	12	C	10664,0,10651,0,7,0,0,6,24,3,0,0,0,0,0,0,0,0,0
glyco_Fluc_spike	13	G	10626,14,7,10597,5,0,0,3,5,15,0,0,0,0,0,0,0,0,0
glyco_Fluc_spike	14	C	10681,2,10668,0,11,0,0,0,0,0,0,0,0,0,0,0,0,0,0
glyco_Fluc_spike	15	C	10739,0,10727,0,12,0,0,0,0,6,0,0,0,0,0,0,0,0,0
glyco_Fluc_spike	16	A	10729,10711,1,5,6,0,0,6,3,11,0,0,0,0,0,0,0,0,0
glyco_Fluc_spike	17	T	10768,0,4,0,10764,0,0,0,0,0,0,0,0,0,0,0,0,0,0
glyco_Fluc_spike	18	T	10780,0,6,0,10774,0,0,0,0,0,0,0,0,0,0,0,0,0,0
glyco_Fluc_spike	19	C	10804,3,10799,0,2,0,0,0,1,0,0,0,0,0,0,0,0,0,0
glyco_Fluc_spike	20	T	10795,0,3,1,10791,0,0,0,0,0,0,0,0,0,0,0,0,0,0
glyco_Fluc_spike	21	A	10736,10732,0,2,2,0,0,0,0,2,0,0,0,0,0,0,0,0,0
glyco_Fluc_spike	22	T	10807,0,3,0,10803,0,0,1,4,0,0,0,0,0,0,0,0,0,0
glyco_Fluc_spike	23	C	10799,0,10789,0,10,0,0,0,0,85,0,0,0,0,0,0,0,0,0
glyco_Fluc_spike	24	C	10713,4,10705,0,4,0,0,0,1,0,0,0,0,0,0,0,0,0,0
glyco_Fluc_spike	25	T	10714,0,7,1,10706,0,0,0,3,0,0,0,0,0,0,0,0,0,0
glyco_Fluc_spike	26	C	10685,2,10668,0,15,0,0,0,0,6,0,0,0,0,0,0,0,0,0
glyco_Fluc_spike	27	T	10726,0,3,0,10717,0,0,6,1,7,0,0,0,0,0,0,0,0,0
glyco_Fluc_spike	28	A	11273,11260,0,1,7,0,0,5,6,1,0,0,0,0,0,0,0,0,0
glyco_Fluc_spike	29	G	11294,5,3,11282,3,0,0,1,0,2,0,0,0,0,0,0,0,0,0
glyco_Fluc_spike	30	A	11292,11284,1,2,3,0,0,2,1,10,0,0,0,0,0,0,0,0,0
glyco_Fluc_spike	31	G	11307,20,0,11282,5,0,0,0,0,1,0,0,0,0,0,0,0,0,0
glyco_Fluc_spike	32	G	11298,7,2,11285,3,0,0,1,1,1,0,0,0,0,0,0,0,0,0
glyco_Fluc_spike	33	A	11290,11283,1,2,2,0,0,2,1,0,0,0,0,0,0,0,0,0,0
glyco_Fluc_spike	34	T	11342,1,4,0,11337,0,0,0,11,1,0,0,0,0,0,0,0,0,0
glyco_Fluc_spike	35	G	11299,28,3,11267,1,0,0,0,0,0,0,0,0,0,0,0,0,0,0
glyco_Fluc_spike	36	G	11310,5,1,11303,1,0,0,0,8,6,0,0,0,0,0,0,0,0,0
glyco_Fluc_spike	37	A	11288,11282,1,5,0,0,0,0,0,0,0,0,0,0,0,0,0,0,0
glyco_Fluc_spike	38	A	11299,11294,2,0,3,0,0,0,7,10,0,0,0,0,0,0,0,0,0
glyco_Fluc_spike	39	C	11345,2,11322,2,18,0,0,1,0,2,0,0,0,0,0,0,0,0,0
glyco_Fluc_spike	40	C	11339,0,11327,1,10,0,0,1,6,2,0,0,0,0,0,0,0,0,0
glyco_Fluc_spike	41	G	11304,45,3,11247,7,0,0,2,0,0,0,0,0,0,0,0,0,0,0
glyco_Fluc_spike	42	C	11341,2,11334,0,5,0,0,0,2,3,0,0,0,0,0,0,0,0,0
glyco_Fluc_spike	43	T	11326,0,8,0,11315,0,0,3,5,1,0,0,0,0,0,0,0,0,0
glyco_Fluc_spike	44	G	11299,34,4,11259,2,0,0,0,0,0,0,0,0,0,0,0,0,0,0
glyco_Fluc_spike	45	G	11270,40,1,11227,2,0,0,0,0,1,0,0,0,0,0,0,0,0,0
glyco_Fluc_spike	46	C	11347,2,11341,0,3,0,0,1,0,0,0,0,0,0,0,0,0,0,0
glyco_Fluc_spike	47	T	11288,0,1,0,11287,0,0,0,0,0,0,0,0,0,0,0,0,0,0
glyco_Fluc_spike	48	G	11170,2,0,11168,0,0,0,0,0,0,0,0,0,0,0,0,0,0,0
glyco_Fluc_spike	49	G	10736,0,0,10736,0,0,0,0,0,0,0,0,0,0,0,0,0,0,0
glyco_Fluc_spike	50	T	836,0,0,0,836,0,0,0,0,0,0,0,0,0,0,0,0,0,0
glyco_Fluc_spike	51	T	753,0,0,0,753,0,0,0,0,0,0,0,0,0,0,0,0,0,0
