chr	pos	ref_base	depth,A,C,G,T,N,Skip,Gap,Insert,Delete,,a,c,g,t,n,skip,gap,insert,delete
Fluc_spike	1	G	2885048,0,0,2885048,0,0,0,0,0,0,0,0,0,0,0,0,0,0,0
Fluc_spike	2	G	3153161,0,0,3153161,0,0,0,0,0,0,0,0,0,0,0,0,0,0,0
Fluc_spike	3	G	3233658,0,0,3233658,0,0,0,0,0,0,0,0,0,0,0,0,0,0,0
Fluc_spike	4	A	3613374,3613009,243,115,7,0,0,0,0,0,0,0,0,0,0,0,0,0,0
Fluc_spike	5	A	3633857,3632099,633,932,193,0,0,0,158,5596,0,0,0,0,0,0,0,0,0
Fluc_spike	6	C	3661767,183,3660594,49,941,0,0,0,0,28,0,0,0,0,0,0,0,0,0
Fluc_spike	7	C	3662852,347,3661306,106,1067,0,0,26,78,2283,0,0,0,0,0,0,0,0,0
Fluc_spike	8	A	3649303,3644563,1297,1071,74,0,0,2298,60,937,0,0,0,0,0,0,0,0,0
Fluc_spike	9	G	3658603,1938,275,3653236,2174,0,0,980,2323,1294,0,0,0,0,0,0,0,0,0
Fluc_spike	10	C	3667153,418,3664952,112,1640,0,0,31,6,64,0,0,0,0,0,0,0,0,0
Fluc_spike	11	C	3663847,612,3661773,152,1265,0,0,45,325,4501,0,0,0,0,0,0,0,0,0
Fluc_spike	12	G	3658446,1860,718,3651975,791,0,0,3102,11,282,0,0,0,0,0,0,0,0,0
Fluc_spike	13	G	3660036,1060,424,3654586,884,0,0,3082,519,712,0,0,0,0,0,0,0,0,0
Fluc_spike	14	C	3673918,456,3670535,189,2068,0,0,670,383,1132,0,0,0,0,0,0,0,0,0
Fluc_spike	15	G	3667418,2264,685,3661206,2129,0,0,1134,299,5028,0,0,0,0,0,0,0,0,0
Fluc_spike	16	C	3676544,542,3674330,158,1350,0,0,164,0,160,0,0,0,0,0,0,0,0,0
Fluc_spike	17	C	3679989,461,3677492,141,1603,0,0,292,247,1594,0,0,0,0,0,0,0,0,0
Fluc_spike	18	A	3676014,3671956,737,975,555,0,0,1791,407,1909,0,0,0,0,0,0,0,0,0
Fluc_spike	19	T	3674275,162,1461,36,3672417,0,0,199,13,129,0,0,0,0,0,0,0,0,0
Fluc_spike	20	T	3678430,159,1883,33,3676264,0,0,91,164,1166,0,0,0,0,0,0,0,0,0
Fluc_spike	21	C	3682694,688,3679640,75,1123,0,0,1168,143,635,0,0,0,0,0,0,0,0,0
Fluc_spike	22	T	3681446,195,1723,77,3678829,0,0,622,410,157,0,0,0,0,0,0,0,0,0
Fluc_spike	23	A	3669399,3667202,691,1021,327,0,0,158,156,64,0,0,0,0,0,0,0,0,0
Fluc_spike	24	T	3683136,221,1146,12,3681702,0,0,55,10,156,0,0,0,0,0,0,0,0,0
Fluc_spike	25	C	3683463,436,3682125,71,822,0,0,9,1,321,0,0,0,0,0,0,0,0,0
Fluc_spike	26	C	3681324,965,3679556,104,693,0,0,6,1,53,0,0,0,0,0,0,0,0,0
Fluc_spike	27	T	3679740,155,1954,64,3677515,0,0,52,64,32,0,0,0,0,0,0,0,0,0
Fluc_spike	28	C	3656033,862,3654264,99,775,0,0,33,2,94,0,0,0,0,0,0,0,0,0
Fluc_spike	29	T	3678650,284,1217,87,3676971,0,0,91,2,474,0,0,0,0,0,0,0,0,0
Fluc_spike	30	A	3667342,3665270,628,1010,284,0,0,150,9,31,0,0,0,0,0,0,0,0,0
Fluc_spike	31	G	3669618,811,394,3665474,2905,0,0,34,60,72,0,0,0,0,0,0,0,0,0
Fluc_spike	32	A	3673366,3671688,180,1295,126,0,0,77,8,156,0,0,0,0,0,0,0,0,0
Fluc_spike	33	G	3675399,836,87,3673276,1173,0,0,27,1,12,0,0,0,0,0,0,0,0,0
Fluc_spike	34	G	3673101,1114,55,3671213,685,0,0,34,18,44,0,0,0,0,0,0,0,0,0
Fluc_spike	35	A	3676662,3675070,234,1042,263,0,0,53,1,23,0,0,0,0,0,0,0,0,0
Fluc_spike	36	T	3685485,286,1222,141,3683811,0,0,25,14,109,0,0,0,0,0,0,0,0,0
Fluc_spike	37	G	3675601,3130,104,3671566,797,0,0,4,1,2,0,0,0,0,0,0,0,0,0
Fluc_spike	38	G	3676418,1022,99,3674230,1063,0,0,4,30,99,0,0,0,0,0,0,0,0,0
Fluc_spike	39	A	3676437,3674209,201,1845,178,0,0,4,1,0,0,0,0,0,0,0,0,0,0
Fluc_spike	40	A	3679234,3677822,186,1129,95,0,0,2,203,91,0,0,0,0,0,0,0,0,0
Fluc_spike	41	C	3688352,477,3685627,93,2141,0,0,14,18,16,0,0,0,0,0,0,0,0,0
Fluc_spike	42	C	3691293,591,3688484,1176,1028,0,0,14,131,80,0,0,0,0,0,0,0,0,0
Fluc_spike	43	G	3669651,1981,190,3666516,875,0,0,89,1,15,0,0,0,0,0,0,0,0,0
Fluc_spike	44	C	3687702,366,3686807,49,452,0,0,28,2,38,0,0,0,0,0,0,0,0,0
Fluc_spike	45	T	3675252,201,1780,101,3673131,0,0,39,1,181,0,0,0,0,0,0,0,0,0
Fluc_spike	46	G	3664600,980,154,3662426,1022,0,0,18,3,13,0,0,0,0,0,0,0,0,0
Fluc_spike	47	G	3666547,895,296,3661847,3494,0,0,15,0,39,0,0,0,0,0,0,0,0,0
Fluc_spike	48	A	3675703,3673848,114,1440,259,0,0,42,0,0,0,0,0,0,0,0,0,0,0
Fluc_spike	49	G	3661692,755,231,3658317,2387,0,0,2,4,29,0,0,0,0,0,0,0,0,0
Fluc_spike	50	A	3670599,3668498,516,1402,154,0,0,29,6,41,0,0,0,0,0,0,0,0,0
Fluc_spike	51	G	3660047,870,189,3657403,1544,0,0,41,107,62,0,0,0,0,0,0,0,0,0
Fluc_spike	52	C	3681973,500,3679840,94,1510,0,0,29,44,470,0,0,0,0,0,0,0,0,0
Fluc_spike	53	A	3679810,3677881,199,1444,262,0,0,24,2,10,0,0,0,0,0,0,0,0,0
Fluc_spike	54	A	3674428,3672997,149,1016,232,0,0,34,0,16,0,0,0,0,0,0,0,0,0
Fluc_spike	55	C	3687927,490,3686387,112,911,0,0,27,5,43,0,0,0,0,0,0,0,0,0
Fluc_spike	56	T	3678801,260,1791,166,3676541,0,0,43,0,36,0,0,0,0,0,0,0,0,0
Fluc_spike	57	G	3670054,1796,374,3666895,944,0,0,45,3,14,0,0,0,0,0,0,0,0,0
Fluc_spike	58	C	3687908,507,3686364,88,933,0,0,16,0,136,0,0,0,0,0,0,0,0,0
Fluc_spike	59	A	3677655,3675846,273,1202,252,0,0,82,24,71,0,0,0,0,0,0,0,0,0
Fluc_spike	60	T	3684006,373,1056,29,3682474,0,0,74,16,358,0,0,0,0,0,0,0,0,0
Fluc_spike	61	A	3678606,3677208,104,1190,89,0,0,15,0,0,0,0,0,0,0,0,0,0,0
Fluc_spike	62	A	3684426,3682777,204,1138,293,0,0,14,59,99,0,0,0,0,0,0,0,0,0
Fluc_spike	63	G	3684053,796,116,3681860,1273,0,0,8,0,4,0,0,0,0,0,0,0,0,0
Fluc_spike	64	G	3678985,1067,177,3676834,900,0,0,7,0,40,0,0,0,0,0,0,0,0,0
Fluc_spike	65	C	3694650,499,3693184,141,776,0,0,50,3,94,0,0,0,0,0,0,0,0,0
Fluc_spike	66	T	3683941,142,1540,118,3682099,0,0,42,1,59,0,0,0,0,0,0,0,0,0
Fluc_spike	67	A	3676343,3674729,406,944,212,0,0,52,0,32,0,0,0,0,0,0,0,0,0
Fluc_spike	68	T	3688683,325,1254,64,3687005,0,0,35,2,94,0,0,0,0,0,0,0,0,0
Fluc_spike	69	G	3678089,1289,143,3675393,1159,0,0,105,10,202,0,0,0,0,0,0,0,0,0
Fluc_spike	70	A	3686686,3684756,128,1531,264,0,0,7,8,257,0,0,0,0,0,0,0,0,0
Fluc_spike	71	A	3685415,3683462,250,1370,329,0,0,4,1,82,0,0,0,0,0,0,0,0,0
Fluc_spike	72	G	3680231,1128,117,3677420,1480,0,0,86,81,49,0,0,0,0,0,0,0,0,0
Fluc_spike	73	A	3680151,3678360,128,1328,284,0,0,51,0,65,0,0,0,0,0,0,0,0,0
Fluc_spike	74	G	3683221,996,206,3680493,1462,0,0,64,31,63,0,0,0,0,0,0,0,0,0
Fluc_spike	75	A	3667459,3665768,147,1330,187,0,0,27,39,32,0,0,0,0,0,0,0,0,0
Fluc_spike	76	T	3688035,330,1051,42,3686579,0,0,33,35,173,0,0,0,0,0,0,0,0,0
Fluc_spike	77	A	3677845,3676081,364,1035,191,0,0,174,26,40,0,0,0,0,0,0,0,0,0
Fluc_spike	78	C	3680122,896,3677015,178,1895,0,0,138,8,99,0,0,0,0,0,0,0,0,0
Fluc_spike	79	G	3674650,1360,717,3671363,1112,0,0,98,17,333,0,0,0,0,0,0,0,0,0
Fluc_spike	80	C	3680425,423,3679262,73,667,0,0,0,1,0,0,0,0,0,0,0,0,0,0
Fluc_spike	81	C	3682537,722,3680692,88,1035,0,0,0,0,0,0,0,0,0,0,0,0,0,0
Fluc_spike	82	C	3679680,1696,3677038,145,801,0,0,0,4,54,0,0,0,0,0,0,0,0,0
Fluc_spike	83	T	3680393,157,1108,124,3678949,0,0,55,0,57,0,0,0,0,0,0,0,0,0
Fluc_spike	84	G	3654306,386,12,3653764,144,0,0,0,0,0,0,0,0,0,0,0,0,0,0
Fluc_spike	85	G	3653118,109,60,3652894,55,0,0,0,0,0,0,0,0,0,0,0,0,0,0
Fluc_spike	86	T	3342215,16,82,3,3342114,0,0,0,0,0,0,0,0,0,0,0,0,0,0
Fluc_spike	87	T	499146,1,7,0,499138,0,0,0,0,1,0,0,0,0,0,0,0,0,0
Fluc_spike	88	C	203043,0,203043,0,0,0,0,0,0,0,0,0,0,0,0,0,0,0,0
Fluc_spike	89	C	113886,0,113886,0,0,0,0,0,0,0,0,0,0,0,0,0,0,0,0
glyco_Fluc_spike	1	G	187927,0,0,187927,0,0,0,0,0,0,0,0,0,0,0,0,0,0,0
glyco_Fluc_spike	2	A	244941,244941,0,0,0,0,0,0,0,0,0,0,0,0,0,0,0,0,0
glyco_Fluc_spike	3	A	248326,248326,0,0,0,0,0,0,0,0,0,0,0,0,0,0,0,0,0
glyco_Fluc_spike	4	C	251394,0,251392,0,2,0,0,0,32,0,0,0,0,0,0,0,0,0,0
glyco_Fluc_spike	5	G	275120,95,3,274849,173,0,0,0,13,201,0,0,0,0,0,0,0,0,0
glyco_Fluc_spike	6	A	279929,279559,94,57,18,0,0,201,30,224,0,0,0,0,0,0,0,0,0
glyco_Fluc_spike	7	G	282642,237,19,282084,76,0,0,226,13,101,0,0,0,0,0,0,0,0,0
glyco_Fluc_spike	8	C	283973,13,283541,9,395,0,0,15,0,43,0,0,0,0,0,0,0,0,0
glyco_Fluc_spike	9	C	313325,56,312716,14,508,0,0,31,84,457,0,0,0,0,0,0,0,0,0
glyco_Fluc_spike	10	G	321914,263,86,321322,194,0,0,49,8,100,0,0,0,0,0,0,0,0,0
glyco_Fluc_spike	11	G	323636,368,181,322994,66,0,0,27,28,304,0,0,0,0,0,0,0,0,0
glyco_Fluc_spike	12	C	325826,26,325151,24,337,0,0,288,508,474,0,0,0,0,0,0,0,0,0
glyco_Fluc_spike	13	G	325511,459,133,324186,255,0,0,478,189,665,0,0,0,0,0,0,0,0,0
glyco_Fluc_spike	14	C	326965,19,326455,32,446,0,0,13,10,24,0,0,0,0,0,0,0,0,0
glyco_Fluc_spike	15	C	334757,17,334156,15,552,0,0,17,20,239,0,0,0,0,0,0,0,0,0
glyco_Fluc_spike	16	A	339867,339027,16,124,462,0,0,238,79,482,0,0,0,0,0,0,0,0,0
glyco_Fluc_spike	17	T	341040,3,104,11,340854,0,0,68,0,29,0,0,0,0,0,0,0,0,0
glyco_Fluc_spike	18	T	341461,5,142,11,341286,0,0,17,9,32,0,0,0,0,0,0,0,0,0
glyco_Fluc_spike	19	C	342817,71,342575,12,121,0,0,38,23,235,0,0,0,0,0,0,0,0,0
glyco_Fluc_spike	20	T	342857,6,101,30,342520,0,0,200,19,101,0,0,0,0,0,0,0,0,0
glyco_Fluc_spike	21	A	342482,342063,58,73,180,0,0,108,8,103,0,0,0,0,0,0,0,0,0
glyco_Fluc_spike	22	T	344536,10,185,8,344259,0,0,74,17,122,0,0,0,0,0,0,0,0,0
glyco_Fluc_spike	23	C	344538,24,344224,14,256,0,0,20,4,2220,0,0,0,0,0,0,0,0,0
glyco_Fluc_spike	24	C	342589,50,342376,18,131,0,0,14,9,167,0,0,0,0,0,0,0,0,0
glyco_Fluc_spike	25	T	342628,4,330,7,342113,0,0,174,117,89,0,0,0,0,0,0,0,0,0
glyco_Fluc_spike	26	C	341656,45,341044,6,462,0,0,99,13,510,0,0,0,0,0,0,0,0,0
glyco_Fluc_spike	27	T	343550,15,127,8,342879,0,0,521,33,1034,0,0,0,0,0,0,0,0,0
glyco_Fluc_spike	28	A	343975,342648,75,97,237,0,0,918,184,54,0,0,0,0,0,0,0,0,0
glyco_Fluc_spike	29	G	345343,193,161,344663,279,0,0,47,28,375,0,0,0,0,0,0,0,0,0
glyco_Fluc_spike	30	A	345007,344395,28,127,81,0,0,376,75,720,0,0,0,0,0,0,0,0,0
glyco_Fluc_spike	31	G	344819,612,54,343950,200,0,0,3,12,94,0,0,0,0,0,0,0,0,0
glyco_Fluc_spike	32	G	344846,206,50,344460,107,0,0,23,11,145,0,0,0,0,0,0,0,0,0
glyco_Fluc_spike	33	A	344844,344319,26,79,257,0,0,163,11,58,0,0,0,0,0,0,0,0,0
glyco_Fluc_spike	34	T	346423,47,136,217,345915,0,0,108,266,126,0,0,0,0,0,0,0,0,0
glyco_Fluc_spike	35	G	345135,951,76,343863,239,0,0,6,0,3,0,0,0,0,0,0,0,0,0
glyco_Fluc_spike	36	G	345293,279,43,344795,167,0,0,9,245,327,0,0,0,0,0,0,0,0,0
glyco_Fluc_spike	37	A	345164,344893,27,156,78,0,0,10,2,5,0,0,0,0,0,0,0,0,0
glyco_Fluc_spike	38	A	345225,344823,67,104,219,0,0,12,269,410,0,0,0,0,0,0,0,0,0
glyco_Fluc_spike	39	C	346532,34,345666,37,789,0,0,6,2,85,0,0,0,0,0,0,0,0,0
glyco_Fluc_spike	40	C	346203,54,345548,24,576,0,0,1,127,180,0,0,0,0,0,0,0,0,0
glyco_Fluc_spike	41	G	345388,1468,263,343363,116,0,0,178,5,52,0,0,0,0,0,0,0,0,0
glyco_Fluc_spike	42	C	346338,20,346114,4,149,0,0,51,25,102,0,0,0,0,0,0,0,0,0
glyco_Fluc_spike	43	T	346240,9,151,22,345936,0,0,122,67,80,0,0,0,0,0,0,0,0,0
glyco_Fluc_spike	44	G	345064,1306,73,343582,102,0,0,1,1,0,0,0,0,0,0,0,0,0,0
glyco_Fluc_spike	45	G	344591,1192,40,343296,63,0,0,0,4,10,0,0,0,0,0,0,0,0,0
glyco_Fluc_spike	46	C	346648,31,346490,11,106,0,0,10,7,3,0,0,0,0,0,0,0,0,0
glyco_Fluc_spike	47	T	344852,0,12,2,344835,0,0,3,0,0,0,0,0,0,0,0,0,0,0
glyco_Fluc_spike	48	G	340504,16,3,340473,12,0,0,0,0,0,0,0,0,0,0,0,0,0,0
glyco_Fluc_spike	49	G	324924,0,0,324923,1,0,0,0,0,0,0,0,0,0,0,0,0,0,0
glyco_Fluc_spike	50	T	14671,0,0,0,14671,0,0,0,0,0,0,0,0,0,0,0,0,0,0
glyco_Fluc_spike	51	T	13159,0,0,0,13159,0,0,0,0,0,0,0,0,0,0,0,0,0,0
