chr	pos	ref_base	depth,A,C,G,T,N,Skip,Gap,Insert,Delete,,a,c,g,t,n,skip,gap,insert,delete
Fluc_spike	1	G	553,0,0,553,0,0,0,0,0,0,0,0,0,0,0,0,0,0,0
Fluc_spike	2	G	590,0,0,590,0,0,0,0,0,0,0,0,0,0,0,0,0,0,0
Fluc_spike	3	G	631,0,0,631,0,0,0,0,0,0,0,0,0,0,0,0,0,0,0
Fluc_spike	4	A	703,703,0,0,0,0,0,0,0,0,0,0,0,0,0,0,0,0,0
Fluc_spike	5	A	703,703,0,0,0,0,0,0,0,1,0,0,0,0,0,0,0,0,0
Fluc_spike	6	C	709,0,709,0,0,0,0,0,0,0,0,0,0,0,0,0,0,0,0
Fluc_spike	7	C	708,0,692,16,0,0,0,0,0,0,0,0,0,0,0,0,0,0,0
Fluc_spike	8	A	713,713,0,0,0,0,0,0,0,0,0,0,0,0,0,0,0,0,0
Fluc_spike	9	G	714,0,0,713,1,0,0,0,0,0,0,0,0,0,0,0,0,0,0
Fluc_spike	10	C	718,0,718,0,0,0,0,0,0,0,0,0,0,0,0,0,0,0,0
Fluc_spike	11	C	724,0,724,0,0,0,0,0,0,1,0,0,0,0,0,0,0,0,0
Fluc_spike	12	G	729,1,0,728,0,0,0,0,0,0,0,0,0,0,0,0,0,0,0
Fluc_spike	13	G	731,0,0,731,0,0,0,0,0,0,0,0,0,0,0,0,0,0,0
Fluc_spike	14	C	736,0,736,0,0,0,0,0,0,0,0,0,0,0,0,0,0,0,0
Fluc_spike	15	G	735,1,0,734,0,0,0,0,0,0,0,0,0,0,0,0,0,0,0
Fluc_spike	16	C	741,0,741,0,0,0,0,0,0,0,0,0,0,0,0,0,0,0,0
Fluc_spike	17	C	752,0,752,0,0,0,0,0,0,0,0,0,0,0,0,0,0,0,0
Fluc_spike	18	A	754,754,0,0,0,0,0,0,0,1,0,0,0,0,0,0,0,0,0
Fluc_spike	19	T	754,0,1,0,753,0,0,0,0,0,0,0,0,0,0,0,0,0,0
Fluc_spike	20	T	753,0,2,0,751,0,0,0,0,0,0,0,0,0,0,0,0,0,0
Fluc_spike	21	C	758,1,756,0,1,0,0,0,0,0,0,0,0,0,0,0,0,0,0
Fluc_spike	22	T	755,0,1,0,754,0,0,0,0,0,0,0,0,0,0,0,0,0,0
Fluc_spike	23	A	757,757,0,0,0,0,0,0,0,0,0,0,0,0,0,0,0,0,0
Fluc_spike	24	T	759,0,0,0,759,0,0,0,0,0,0,0,0,0,0,0,0,0,0
Fluc_spike	25	C	762,0,761,0,1,0,0,0,0,1,0,0,0,0,0,0,0,0,0
Fluc_spike	26	C	762,0,762,0,0,0,0,0,0,0,0,0,0,0,0,0,0,0,0
Fluc_spike	27	T	761,0,0,0,761,0,0,0,0,0,0,0,0,0,0,0,0,0,0
Fluc_spike	28	C	756,0,756,0,0,0,0,0,0,0,0,0,0,0,0,0,0,0,0
Fluc_spike	29	T	762,0,1,0,761,0,0,0,0,1,0,0,0,0,0,0,0,0,0
Fluc_spike	30	A	760,760,0,0,0,0,0,0,0,0,0,0,0,0,0,0,0,0,0
Fluc_spike	31	G	761,0,0,761,0,0,0,0,0,0,0,0,0,0,0,0,0,0,0
Fluc_spike	32	A	764,763,0,1,0,0,0,0,0,0,0,0,0,0,0,0,0,0,0
Fluc_spike	33	G	763,0,0,762,1,0,0,0,0,0,0,0,0,0,0,0,0,0,0
Fluc_spike	34	G	766,0,0,766,0,0,0,0,0,0,0,0,0,0,0,0,0,0,0
Fluc_spike	35	A	765,765,0,0,0,0,0,0,0,0,0,0,0,0,0,0,0,0,0
Fluc_spike	36	T	767,0,0,0,767,0,0,0,1,0,0,0,0,0,0,0,0,0,0
Fluc_spike	37	G	764,0,0,764,0,0,0,0,0,0,0,0,0,0,0,0,0,0,0
Fluc_spike	38	G	762,0,0,762,0,0,0,0,0,0,0,0,0,0,0,0,0,0,0
Fluc_spike	39	A	768,767,0,1,0,0,0,0,0,0,0,0,0,0,0,0,0,0,0
Fluc_spike	40	A	768,767,0,1,0,0,0,0,0,0,0,0,0,0,0,0,0,0,0
Fluc_spike	41	C	770,0,768,0,2,0,0,0,0,0,0,0,0,0,0,0,0,0,0
Fluc_spike	42	C	768,0,768,0,0,0,0,0,2,0,0,0,0,0,0,0,0,0,0
Fluc_spike	43	G	760,0,0,759,1,0,0,0,0,0,0,0,0,0,0,0,0,0,0
Fluc_spike	44	C	765,0,765,0,0,0,0,0,0,0,0,0,0,0,0,0,0,0,0
Fluc_spike	45	T	760,0,1,0,759,0,0,0,0,0,0,0,0,0,0,0,0,0,0
Fluc_spike	46	G	761,1,0,760,0,0,0,0,0,0,0,0,0,0,0,0,0,0,0
Fluc_spike	47	G	758,0,0,758,0,0,0,0,0,0,0,0,0,0,0,0,0,0,0
Fluc_spike	48	A	759,758,1,0,0,0,0,0,0,0,0,0,0,0,0,0,0,0,0
Fluc_spike	49	G	754,0,0,753,1,0,0,0,0,0,0,0,0,0,0,0,0,0,0
Fluc_spike	50	A	730,730,0,0,0,0,0,0,0,0,0,0,0,0,0,0,0,0,0
Fluc_spike	51	G	728,3,1,724,0,0,0,0,0,0,0,0,0,0,0,0,0,0,0
Fluc_spike	52	C	726,0,726,0,0,0,0,0,0,0,0,0,0,0,0,0,0,0,0
Fluc_spike	53	A	728,728,0,0,0,0,0,0,0,0,0,0,0,0,0,0,0,0,0
Fluc_spike	54	A	724,724,0,0,0,0,0,0,0,0,0,0,0,0,0,0,0,0,0
Fluc_spike	55	C	724,0,723,0,1,0,0,0,0,1,0,0,0,0,0,0,0,0,0
Fluc_spike	56	T	725,0,1,0,723,0,0,1,0,0,0,0,0,0,0,0,0,0,0
Fluc_spike	57	G	720,5,0,715,0,0,0,0,0,0,0,0,0,0,0,0,0,0,0
Fluc_spike	58	C	726,0,726,0,0,0,0,0,0,0,0,0,0,0,0,0,0,0,0
Fluc_spike	59	A	723,723,0,0,0,0,0,0,0,0,0,0,0,0,0,0,0,0,0
Fluc_spike	60	T	729,0,1,0,728,0,0,0,0,0,0,0,0,0,0,0,0,0,0
Fluc_spike	61	A	732,731,0,1,0,0,0,0,0,0,0,0,0,0,0,0,0,0,0
Fluc_spike	62	A	734,733,0,1,0,0,0,0,0,0,0,0,0,0,0,0,0,0,0
Fluc_spike	63	G	729,0,0,729,0,0,0,0,0,0,0,0,0,0,0,0,0,0,0
Fluc_spike	64	G	729,0,0,728,1,0,0,0,0,0,0,0,0,0,0,0,0,0,0
Fluc_spike	65	C	735,0,735,0,0,0,0,0,0,0,0,0,0,0,0,0,0,0,0
Fluc_spike	66	T	732,0,0,0,732,0,0,0,0,0,0,0,0,0,0,0,0,0,0
Fluc_spike	67	A	737,736,0,1,0,0,0,0,0,0,0,0,0,0,0,0,0,0,0
Fluc_spike	68	T	735,0,1,0,734,0,0,0,0,0,0,0,0,0,0,0,0,0,0
Fluc_spike	69	G	729,1,0,728,0,0,0,0,0,0,0,0,0,0,0,0,0,0,0
Fluc_spike	70	A	736,736,0,0,0,0,0,0,0,0,0,0,0,0,0,0,0,0,0
Fluc_spike	71	A	735,735,0,0,0,0,0,0,0,0,0,0,0,0,0,0,0,0,0
Fluc_spike	72	G	730,1,0,729,0,0,0,0,0,0,0,0,0,0,0,0,0,0,0
Fluc_spike	73	A	730,730,0,0,0,0,0,0,0,0,0,0,0,0,0,0,0,0,0
Fluc_spike	74	G	733,0,0,733,0,0,0,0,0,1,0,0,0,0,0,0,0,0,0
Fluc_spike	75	A	733,731,0,1,0,0,0,1,0,0,0,0,0,0,0,0,0,0,0
Fluc_spike	76	T	734,0,0,0,734,0,0,0,0,0,0,0,0,0,0,0,0,0,0
Fluc_spike	77	A	735,735,0,0,0,0,0,0,0,0,0,0,0,0,0,0,0,0,0
Fluc_spike	78	C	735,0,735,0,0,0,0,0,0,0,0,0,0,0,0,0,0,0,0
Fluc_spike	79	G	731,0,0,731,0,0,0,0,0,0,0,0,0,0,0,0,0,0,0
Fluc_spike	80	C	732,0,732,0,0,0,0,0,0,0,0,0,0,0,0,0,0,0,0
Fluc_spike	81	C	734,0,734,0,0,0,0,0,0,0,0,0,0,0,0,0,0,0,0
Fluc_spike	82	C	734,0,734,0,0,0,0,0,0,0,0,0,0,0,0,0,0,0,0
Fluc_spike	83	T	732,0,0,1,731,0,0,0,0,0,0,0,0,0,0,0,0,0,0
Fluc_spike	84	G	728,0,0,728,0,0,0,0,0,0,0,0,0,0,0,0,0,0,0
Fluc_spike	85	G	729,1,0,728,0,0,0,0,0,0,0,0,0,0,0,0,0,0,0
Fluc_spike	86	T	683,0,0,0,683,0,0,0,0,0,0,0,0,0,0,0,0,0,0
Fluc_spike	87	T	135,0,0,0,135,0,0,0,0,0,0,0,0,0,0,0,0,0,0
Fluc_spike	88	C	90,0,90,0,0,0,0,0,0,0,0,0,0,0,0,0,0,0,0
Fluc_spike	89	C	54,0,54,0,0,0,0,0,0,0,0,0,0,0,0,0,0,0,0
glyco_Fluc_spike	1	G	619918,0,0,619918,0,0,0,0,0,0,0,0,0,0,0,0,0,0,0
glyco_Fluc_spike	2	A	820578,820578,0,0,0,0,0,0,0,0,0,0,0,0,0,0,0,0,0
glyco_Fluc_spike	3	A	836265,836265,0,0,0,0,0,0,0,0,0,0,0,0,0,0,0,0,0
glyco_Fluc_spike	4	C	856794,2,856781,0,11,0,0,0,83,0,0,0,0,0,0,0,0,0,0
glyco_Fluc_spike	5	G	960921,366,224,959728,603,0,0,0,43,743,0,0,0,0,0,0,0,0,0
glyco_Fluc_spike	6	A	999694,998348,345,204,51,0,0,746,88,765,0,0,0,0,0,0,0,0,0
glyco_Fluc_spike	7	G	1025704,853,87,1023776,220,0,0,768,56,298,0,0,0,0,0,0,0,0,0
glyco_Fluc_spike	8	C	1032461,65,1031047,49,1274,0,0,26,0,100,0,0,0,0,0,0,0,0,0
glyco_Fluc_spike	9	C	1150290,173,1148313,67,1676,0,0,61,316,1385,0,0,0,0,0,0,0,0,0
glyco_Fluc_spike	10	G	1175437,1085,329,1173174,744,0,0,105,29,354,0,0,0,0,0,0,0,0,0
glyco_Fluc_spike	11	G	1180173,1381,559,1177921,243,0,0,69,93,1028,0,0,0,0,0,0,0,0,0
glyco_Fluc_spike	12	C	1188303,115,1185921,104,1203,0,0,960,1684,1556,0,0,0,0,0,0,0,0,0
glyco_Fluc_spike	13	G	1188308,1551,498,1183732,982,0,0,1545,722,2668,0,0,0,0,0,0,0,0,0
glyco_Fluc_spike	14	C	1193719,76,1191639,123,1801,0,0,80,28,112,0,0,0,0,0,0,0,0,0
glyco_Fluc_spike	15	C	1218421,74,1216420,98,1708,0,0,121,88,904,0,0,0,0,0,0,0,0,0
glyco_Fluc_spike	16	A	1235524,1232600,94,489,1381,0,0,960,255,1558,0,0,0,0,0,0,0,0,0
glyco_Fluc_spike	17	T	1240972,25,423,57,1240261,0,0,206,0,76,0,0,0,0,0,0,0,0,0
glyco_Fluc_spike	18	T	1242437,37,570,49,1241735,0,0,46,37,113,0,0,0,0,0,0,0,0,0
glyco_Fluc_spike	19	C	1247191,239,1246424,41,368,0,0,119,45,672,0,0,0,0,0,0,0,0,0
glyco_Fluc_spike	20	T	1247383,35,407,168,1246194,0,0,579,63,334,0,0,0,0,0,0,0,0,0
glyco_Fluc_spike	21	A	1246598,1245012,233,300,689,0,0,364,59,374,0,0,0,0,0,0,0,0,0
glyco_Fluc_spike	22	T	1254480,40,654,37,1253483,0,0,266,71,422,0,0,0,0,0,0,0,0,0
glyco_Fluc_spike	23	C	1254307,51,1253310,48,835,0,0,63,6,15663,0,0,0,0,0,0,0,0,0
glyco_Fluc_spike	24	C	1239772,130,1239044,49,490,0,0,59,64,772,0,0,0,0,0,0,0,0,0
glyco_Fluc_spike	25	T	1240234,17,1185,53,1238201,0,0,778,454,323,0,0,0,0,0,0,0,0,0
glyco_Fluc_spike	26	C	1237985,107,1236012,21,1489,0,0,356,43,1914,0,0,0,0,0,0,0,0,0
glyco_Fluc_spike	27	T	1244753,48,510,20,1242208,0,0,1967,100,3778,0,0,0,0,0,0,0,0,0
glyco_Fluc_spike	28	A	1253031,1247816,380,351,1093,0,0,3391,661,311,0,0,0,0,0,0,0,0,0
glyco_Fluc_spike	29	G	1257850,779,631,1255394,768,0,0,278,120,1332,0,0,0,0,0,0,0,0,0
glyco_Fluc_spike	30	A	1256735,1254472,112,491,321,0,0,1339,388,2488,0,0,0,0,0,0,0,0,0
glyco_Fluc_spike	31	G	1256051,2254,262,1252746,774,0,0,15,40,235,0,0,0,0,0,0,0,0,0
glyco_Fluc_spike	32	G	1256166,783,161,1254834,325,0,0,63,73,474,0,0,0,0,0,0,0,0,0
glyco_Fluc_spike	33	A	1256150,1254162,106,395,959,0,0,528,81,217,0,0,0,0,0,0,0,0,0
glyco_Fluc_spike	34	T	1262018,161,553,806,1260107,0,0,391,846,462,0,0,0,0,0,0,0,0,0
glyco_Fluc_spike	35	G	1257534,3476,284,1252967,780,0,0,27,1,6,0,0,0,0,0,0,0,0,0
glyco_Fluc_spike	36	G	1257914,1041,147,1256078,619,0,0,29,669,1017,0,0,0,0,0,0,0,0,0
glyco_Fluc_spike	37	A	1257250,1256290,124,558,258,0,0,20,0,18,0,0,0,0,0,0,0,0,0
glyco_Fluc_spike	38	A	1257844,1256583,214,341,676,0,0,30,729,1324,0,0,0,0,0,0,0,0,0
glyco_Fluc_spike	39	C	1262912,119,1260051,116,2607,0,0,19,2,338,0,0,0,0,0,0,0,0,0
glyco_Fluc_spike	40	C	1261700,153,1259628,116,1801,0,0,2,413,556,0,0,0,0,0,0,0,0,0
glyco_Fluc_spike	41	G	1257996,5586,933,1250590,346,0,0,541,47,243,0,0,0,0,0,0,0,0,0
glyco_Fluc_spike	42	C	1261268,82,1260480,18,448,0,0,240,101,287,0,0,0,0,0,0,0,0,0
glyco_Fluc_spike	43	T	1260555,53,484,79,1259508,0,0,431,581,622,0,0,0,0,0,0,0,0,0
glyco_Fluc_spike	44	G	1255471,5081,261,1249720,406,0,0,3,3,0,0,0,0,0,0,0,0,0,0
glyco_Fluc_spike	45	G	1253649,6386,187,1246736,339,0,0,1,15,30,0,0,0,0,0,0,0,0,0
glyco_Fluc_spike	46	C	1261418,84,1260657,43,604,0,0,30,17,17,0,0,0,0,0,0,0,0,0
glyco_Fluc_spike	47	T	1253605,2,64,7,1253515,0,0,17,0,0,0,0,0,0,0,0,0,0,0
glyco_Fluc_spike	48	G	1238591,129,23,1238387,52,0,0,0,0,0,0,0,0,0,0,0,0,0,0
glyco_Fluc_spike	49	G	1182065,0,0,1182064,1,0,0,0,0,0,0,0,0,0,0,0,0,0,0
glyco_Fluc_spike	50	T	78174,0,0,0,78174,0,0,0,0,0,0,0,0,0,0,0,0,0,0
glyco_Fluc_spike	51	T	72441,0,0,0,72441,0,0,0,0,0,0,0,0,0,0,0,0,0,0
