chr	pos	ref_base	depth,A,C,G,T,N,Skip,Gap,Insert,Delete,,a,c,g,t,n,skip,gap,insert,delete
Fluc_spike	1	G	287,0,0,287,0,0,0,0,0,0,0,0,0,0,0,0,0,0,0
Fluc_spike	2	G	308,0,0,308,0,0,0,0,0,0,0,0,0,0,0,0,0,0,0
Fluc_spike	3	G	337,0,0,337,0,0,0,0,0,0,0,0,0,0,0,0,0,0,0
Fluc_spike	4	A	364,364,0,0,0,0,0,0,0,0,0,0,0,0,0,0,0,0,0
Fluc_spike	5	A	368,368,0,0,0,0,0,0,0,0,0,0,0,0,0,0,0,0,0
Fluc_spike	6	C	371,0,371,0,0,0,0,0,0,0,0,0,0,0,0,0,0,0,0
Fluc_spike	7	C	370,0,360,10,0,0,0,0,0,0,0,0,0,0,0,0,0,0,0
Fluc_spike	8	A	368,368,0,0,0,0,0,0,0,0,0,0,0,0,0,0,0,0,0
Fluc_spike	9	G	371,0,0,371,0,0,0,0,0,0,0,0,0,0,0,0,0,0,0
Fluc_spike	10	C	374,0,374,0,0,0,0,0,0,0,0,0,0,0,0,0,0,0,0
Fluc_spike	11	C	379,0,379,0,0,0,0,0,0,1,0,0,0,0,0,0,0,0,0
Fluc_spike	12	G	388,1,0,387,0,0,0,0,0,0,0,0,0,0,0,0,0,0,0
Fluc_spike	13	G	391,0,0,391,0,0,0,0,1,0,0,0,0,0,0,0,0,0,0
Fluc_spike	14	C	394,0,394,0,0,0,0,0,1,0,0,0,0,0,0,0,0,0,0
Fluc_spike	15	G	391,0,0,391,0,0,0,0,0,0,0,0,0,0,0,0,0,0,0
Fluc_spike	16	C	395,0,395,0,0,0,0,0,0,0,0,0,0,0,0,0,0,0,0
Fluc_spike	17	C	397,0,397,0,0,0,0,0,0,0,0,0,0,0,0,0,0,0,0
Fluc_spike	18	A	400,400,0,0,0,0,0,0,1,0,0,0,0,0,0,0,0,0,0
Fluc_spike	19	T	396,0,1,0,395,0,0,0,0,0,0,0,0,0,0,0,0,0,0
Fluc_spike	20	T	398,0,0,0,398,0,0,0,0,0,0,0,0,0,0,0,0,0,0
Fluc_spike	21	C	401,0,401,0,0,0,0,0,0,1,0,0,0,0,0,0,0,0,0
Fluc_spike	22	T	399,0,0,0,398,0,0,1,0,0,0,0,0,0,0,0,0,0,0
Fluc_spike	23	A	402,402,0,0,0,0,0,0,0,0,0,0,0,0,0,0,0,0,0
Fluc_spike	24	T	404,0,1,0,403,0,0,0,0,1,0,0,0,0,0,0,0,0,0
Fluc_spike	25	C	400,0,399,0,1,0,0,0,0,1,0,0,0,0,0,0,0,0,0
Fluc_spike	26	C	402,0,401,0,1,0,0,0,0,0,0,0,0,0,0,0,0,0,0
Fluc_spike	27	T	402,0,0,0,402,0,0,0,0,0,0,0,0,0,0,0,0,0,0
Fluc_spike	28	C	400,0,400,0,0,0,0,0,0,0,0,0,0,0,0,0,0,0,0
Fluc_spike	29	T	402,0,1,0,401,0,0,0,0,1,0,0,0,0,0,0,0,0,0
Fluc_spike	30	A	403,400,2,0,0,0,0,1,0,0,0,0,0,0,0,0,0,0,0
Fluc_spike	31	G	402,1,0,401,0,0,0,0,0,0,0,0,0,0,0,0,0,0,0
Fluc_spike	32	A	403,401,1,1,0,0,0,0,0,0,0,0,0,0,0,0,0,0,0
Fluc_spike	33	G	403,0,0,403,0,0,0,0,0,0,0,0,0,0,0,0,0,0,0
Fluc_spike	34	G	403,1,0,401,1,0,0,0,0,0,0,0,0,0,0,0,0,0,0
Fluc_spike	35	A	402,401,1,0,0,0,0,0,0,0,0,0,0,0,0,0,0,0,0
Fluc_spike	36	T	403,0,0,0,403,0,0,0,0,0,0,0,0,0,0,0,0,0,0
Fluc_spike	37	G	406,0,0,405,1,0,0,0,0,0,0,0,0,0,0,0,0,0,0
Fluc_spike	38	G	405,0,1,403,1,0,0,0,0,0,0,0,0,0,0,0,0,0,0
Fluc_spike	39	A	406,406,0,0,0,0,0,0,0,0,0,0,0,0,0,0,0,0,0
Fluc_spike	40	A	403,403,0,0,0,0,0,0,0,0,0,0,0,0,0,0,0,0,0
Fluc_spike	41	C	408,0,408,0,0,0,0,0,0,0,0,0,0,0,0,0,0,0,0
Fluc_spike	42	C	407,0,406,0,1,0,0,0,1,0,0,0,0,0,0,0,0,0,0
Fluc_spike	43	G	402,2,0,400,0,0,0,0,0,0,0,0,0,0,0,0,0,0,0
Fluc_spike	44	C	401,0,401,0,0,0,0,0,0,0,0,0,0,0,0,0,0,0,0
Fluc_spike	45	T	402,0,0,0,402,0,0,0,0,0,0,0,0,0,0,0,0,0,0
Fluc_spike	46	G	400,0,0,400,0,0,0,0,0,0,0,0,0,0,0,0,0,0,0
Fluc_spike	47	G	399,0,0,398,1,0,0,0,0,0,0,0,0,0,0,0,0,0,0
Fluc_spike	48	A	399,397,1,1,0,0,0,0,0,0,0,0,0,0,0,0,0,0,0
Fluc_spike	49	G	398,1,0,396,1,0,0,0,0,0,0,0,0,0,0,0,0,0,0
Fluc_spike	50	A	379,379,0,0,0,0,0,0,0,0,0,0,0,0,0,0,0,0,0
Fluc_spike	51	G	377,0,0,377,0,0,0,0,0,0,0,0,0,0,0,0,0,0,0
Fluc_spike	52	C	376,0,376,0,0,0,0,0,0,0,0,0,0,0,0,0,0,0,0
Fluc_spike	53	A	377,377,0,0,0,0,0,0,0,0,0,0,0,0,0,0,0,0,0
Fluc_spike	54	A	373,373,0,0,0,0,0,0,0,0,0,0,0,0,0,0,0,0,0
Fluc_spike	55	C	377,0,377,0,0,0,0,0,0,0,0,0,0,0,0,0,0,0,0
Fluc_spike	56	T	375,0,0,0,375,0,0,0,0,0,0,0,0,0,0,0,0,0,0
Fluc_spike	57	G	374,0,0,374,0,0,0,0,0,0,0,0,0,0,0,0,0,0,0
Fluc_spike	58	C	376,0,376,0,0,0,0,0,0,0,0,0,0,0,0,0,0,0,0
Fluc_spike	59	A	375,374,0,0,1,0,0,0,0,0,0,0,0,0,0,0,0,0,0
Fluc_spike	60	T	377,0,0,0,377,0,0,0,0,0,0,0,0,0,0,0,0,0,0
Fluc_spike	61	A	376,375,0,1,0,0,0,0,0,0,0,0,0,0,0,0,0,0,0
Fluc_spike	62	A	377,377,0,0,0,0,0,0,0,0,0,0,0,0,0,0,0,0,0
Fluc_spike	63	G	376,0,0,376,0,0,0,0,0,0,0,0,0,0,0,0,0,0,0
Fluc_spike	64	G	377,0,0,377,0,0,0,0,0,0,0,0,0,0,0,0,0,0,0
Fluc_spike	65	C	378,0,378,0,0,0,0,0,0,0,0,0,0,0,0,0,0,0,0
Fluc_spike	66	T	375,0,0,0,375,0,0,0,0,0,0,0,0,0,0,0,0,0,0
Fluc_spike	67	A	379,379,0,0,0,0,0,0,0,0,0,0,0,0,0,0,0,0,0
Fluc_spike	68	T	379,0,0,0,379,0,0,0,0,0,0,0,0,0,0,0,0,0,0
Fluc_spike	69	G	376,0,0,376,0,0,0,0,0,0,0,0,0,0,0,0,0,0,0
Fluc_spike	70	A	378,378,0,0,0,0,0,0,0,0,0,0,0,0,0,0,0,0,0
Fluc_spike	71	A	378,378,0,0,0,0,0,0,0,0,0,0,0,0,0,0,0,0,0
Fluc_spike	72	G	376,0,0,376,0,0,0,0,0,0,0,0,0,0,0,0,0,0,0
Fluc_spike	73	A	376,376,0,0,0,0,0,0,0,0,0,0,0,0,0,0,0,0,0
Fluc_spike	74	G	376,0,0,376,0,0,0,0,0,0,0,0,0,0,0,0,0,0,0
Fluc_spike	75	A	377,377,0,0,0,0,0,0,0,0,0,0,0,0,0,0,0,0,0
Fluc_spike	76	T	376,0,0,0,376,0,0,0,0,0,0,0,0,0,0,0,0,0,0
Fluc_spike	77	A	377,376,0,0,1,0,0,0,0,0,0,0,0,0,0,0,0,0,0
Fluc_spike	78	C	377,0,376,0,1,0,0,0,0,0,0,0,0,0,0,0,0,0,0
Fluc_spike	79	G	378,0,0,378,0,0,0,0,0,0,0,0,0,0,0,0,0,0,0
Fluc_spike	80	C	377,0,377,0,0,0,0,0,0,0,0,0,0,0,0,0,0,0,0
Fluc_spike	81	C	378,0,378,0,0,0,0,0,0,0,0,0,0,0,0,0,0,0,0
Fluc_spike	82	C	376,0,376,0,0,0,0,0,0,0,0,0,0,0,0,0,0,0,0
Fluc_spike	83	T	377,0,0,0,377,0,0,0,0,0,0,0,0,0,0,0,0,0,0
Fluc_spike	84	G	373,0,0,373,0,0,0,0,0,0,0,0,0,0,0,0,0,0,0
Fluc_spike	85	G	373,0,0,373,0,0,0,0,0,0,0,0,0,0,0,0,0,0,0
Fluc_spike	86	T	357,0,0,0,357,0,0,0,0,0,0,0,0,0,0,0,0,0,0
Fluc_spike	87	T	73,0,0,0,73,0,0,0,0,0,0,0,0,0,0,0,0,0,0
Fluc_spike	88	C	46,0,46,0,0,0,0,0,0,0,0,0,0,0,0,0,0,0,0
Fluc_spike	89	C	22,0,22,0,0,0,0,0,0,0,0,0,0,0,0,0,0,0,0
glyco_Fluc_spike	1	G	594122,0,0,594122,0,0,0,0,0,0,0,0,0,0,0,0,0,0,0
glyco_Fluc_spike	2	A	756594,756594,0,0,0,0,0,0,0,0,0,0,0,0,0,0,0,0,0
glyco_Fluc_spike	3	A	768994,768994,0,0,0,0,0,0,0,0,0,0,0,0,0,0,0,0,0
glyco_Fluc_spike	4	C	780199,0,780192,0,7,0,0,0,76,0,0,0,0,0,0,0,0,0,0
glyco_Fluc_spike	5	G	881095,389,235,879898,573,0,0,0,25,719,0,0,0,0,0,0,0,0,0
glyco_Fluc_spike	6	A	904876,903628,336,152,40,0,0,720,76,743,0,0,0,0,0,0,0,0,0
glyco_Fluc_spike	7	G	916069,783,50,914288,199,0,0,749,65,273,0,0,0,0,0,0,0,0,0
glyco_Fluc_spike	8	C	921070,47,919883,43,1072,0,0,25,0,59,0,0,0,0,0,0,0,0,0
glyco_Fluc_spike	9	C	1044363,147,1042611,37,1523,0,0,45,273,1109,0,0,0,0,0,0,0,0,0
glyco_Fluc_spike	10	G	1067832,1008,229,1065938,583,0,0,74,14,278,0,0,0,0,0,0,0,0,0
glyco_Fluc_spike	11	G	1072143,1137,458,1070302,198,0,0,48,44,731,0,0,0,0,0,0,0,0,0
glyco_Fluc_spike	12	C	1079242,75,1077368,104,1027,0,0,668,1558,1132,0,0,0,0,0,0,0,0,0
glyco_Fluc_spike	13	G	1078045,1373,419,1074276,856,0,0,1121,568,2191,0,0,0,0,0,0,0,0,0
glyco_Fluc_spike	14	C	1082926,77,1081030,135,1633,0,0,51,22,107,0,0,0,0,0,0,0,0,0
glyco_Fluc_spike	15	C	1105312,74,1103637,56,1435,0,0,110,84,787,0,0,0,0,0,0,0,0,0
glyco_Fluc_spike	16	A	1120903,1118478,79,426,1073,0,0,847,185,1289,0,0,0,0,0,0,0,0,0
glyco_Fluc_spike	17	T	1125953,21,369,50,1125325,0,0,188,0,71,0,0,0,0,0,0,0,0,0
glyco_Fluc_spike	18	T	1127210,31,526,49,1126554,0,0,50,35,117,0,0,0,0,0,0,0,0,0
glyco_Fluc_spike	19	C	1131595,226,1130802,30,417,0,0,120,45,578,0,0,0,0,0,0,0,0,0
glyco_Fluc_spike	20	T	1131771,28,368,91,1130780,0,0,504,60,257,0,0,0,0,0,0,0,0,0
glyco_Fluc_spike	21	A	1128764,1127450,203,291,545,0,0,275,48,231,0,0,0,0,0,0,0,0,0
glyco_Fluc_spike	22	T	1136163,25,561,36,1135359,0,0,182,74,253,0,0,0,0,0,0,0,0,0
glyco_Fluc_spike	23	C	1135735,47,1134833,38,770,0,0,47,9,10204,0,0,0,0,0,0,0,0,0
glyco_Fluc_spike	24	C	1126458,86,1125828,46,467,0,0,31,55,485,0,0,0,0,0,0,0,0,0
glyco_Fluc_spike	25	T	1126332,16,960,39,1124833,0,0,484,370,249,0,0,0,0,0,0,0,0,0
glyco_Fluc_spike	26	C	1123922,106,1122259,33,1260,0,0,264,44,1416,0,0,0,0,0,0,0,0,0
glyco_Fluc_spike	27	T	1129171,42,427,12,1127251,0,0,1439,81,3038,0,0,0,0,0,0,0,0,0
glyco_Fluc_spike	28	A	1131749,1127551,308,305,863,0,0,2722,582,269,0,0,0,0,0,0,0,0,0
glyco_Fluc_spike	29	G	1136781,697,495,1134614,727,0,0,248,109,971,0,0,0,0,0,0,0,0,0
glyco_Fluc_spike	30	A	1135515,1133763,94,418,267,0,0,973,245,2024,0,0,0,0,0,0,0,0,0
glyco_Fluc_spike	31	G	1135415,1892,194,1132661,664,0,0,4,39,157,0,0,0,0,0,0,0,0,0
glyco_Fluc_spike	32	G	1135487,616,134,1134392,312,0,0,33,67,358,0,0,0,0,0,0,0,0,0
glyco_Fluc_spike	33	A	1134960,1133435,78,345,708,0,0,394,74,158,0,0,0,0,0,0,0,0,0
glyco_Fluc_spike	34	T	1140367,128,464,676,1138824,0,0,275,678,349,0,0,0,0,0,0,0,0,0
glyco_Fluc_spike	35	G	1136346,3040,246,1132357,682,0,0,21,5,11,0,0,0,0,0,0,0,0,0
glyco_Fluc_spike	36	G	1136682,878,122,1135106,549,0,0,27,580,833,0,0,0,0,0,0,0,0,0
glyco_Fluc_spike	37	A	1136001,1135079,137,561,204,0,0,20,1,14,0,0,0,0,0,0,0,0,0
glyco_Fluc_spike	38	A	1136568,1135578,164,290,515,0,0,21,574,1169,0,0,0,0,0,0,0,0,0
glyco_Fluc_spike	39	C	1141186,123,1138673,98,2274,0,0,18,3,278,0,0,0,0,0,0,0,0,0
glyco_Fluc_spike	40	C	1139821,132,1138108,83,1495,0,0,3,413,413,0,0,0,0,0,0,0,0,0
glyco_Fluc_spike	41	G	1136739,4752,785,1130481,310,0,0,411,35,164,0,0,0,0,0,0,0,0,0
glyco_Fluc_spike	42	C	1139316,95,1138602,15,441,0,0,163,64,318,0,0,0,0,0,0,0,0,0
glyco_Fluc_spike	43	T	1138884,26,432,42,1137981,0,0,403,530,424,0,0,0,0,0,0,0,0,0
glyco_Fluc_spike	44	G	1134580,4289,210,1129754,322,0,0,5,2,0,0,0,0,0,0,0,0,0,0
glyco_Fluc_spike	45	G	1132710,5674,139,1126632,260,0,0,5,16,30,0,0,0,0,0,0,0,0,0
glyco_Fluc_spike	46	C	1139400,52,1138711,31,576,0,0,30,21,13,0,0,0,0,0,0,0,0,0
glyco_Fluc_spike	47	T	1132533,0,61,12,1132447,0,0,13,0,0,0,0,0,0,0,0,0,0,0
glyco_Fluc_spike	48	G	1118635,114,8,1118495,18,0,0,0,0,0,0,0,0,0,0,0,0,0,0
glyco_Fluc_spike	49	G	1070651,0,0,1070650,1,0,0,0,0,0,0,0,0,0,0,0,0,0,0
glyco_Fluc_spike	50	T	75057,0,0,0,75057,0,0,0,0,0,0,0,0,0,0,0,0,0,0
glyco_Fluc_spike	51	T	68355,0,0,0,68355,0,0,0,0,0,0,0,0,0,0,0,0,0,0
