chr	pos	ref_base	depth,A,C,G,T,N,Skip,Gap,Insert,Delete,,a,c,g,t,n,skip,gap,insert,delete
Fluc_spike	1	G	66376,0,0,66376,0,0,0,0,0,0,0,0,0,0,0,0,0,0,0
Fluc_spike	2	G	71931,0,0,71931,0,0,0,0,0,0,0,0,0,0,0,0,0,0,0
Fluc_spike	3	G	73650,0,0,73650,0,0,0,0,0,0,0,0,0,0,0,0,0,0,0
Fluc_spike	4	A	82088,82080,7,1,0,0,0,0,0,0,0,0,0,0,0,0,0,0,0
Fluc_spike	5	A	82497,82453,15,25,4,0,0,0,9,107,0,0,0,0,0,0,0,0,0
Fluc_spike	6	C	83106,7,83073,0,26,0,0,0,0,0,0,0,0,0,0,0,0,0,0
Fluc_spike	7	C	83149,6,83115,0,28,0,0,0,1,38,0,0,0,0,0,0,0,0,0
Fluc_spike	8	A	82755,82661,36,18,2,0,0,38,1,18,0,0,0,0,0,0,0,0,0
Fluc_spike	9	G	83001,47,10,82861,63,0,0,20,52,28,0,0,0,0,0,0,0,0,0
Fluc_spike	10	C	83252,20,83189,4,37,0,0,2,0,1,0,0,0,0,0,0,0,0,0
Fluc_spike	11	C	83205,15,83152,5,32,0,0,1,8,84,0,0,0,0,0,0,0,0,0
Fluc_spike	12	G	83146,38,12,83027,17,0,0,52,1,6,0,0,0,0,0,0,0,0,0
Fluc_spike	13	G	83156,25,5,83050,24,0,0,52,15,17,0,0,0,0,0,0,0,0,0
Fluc_spike	14	C	83575,12,83500,0,46,0,0,17,7,28,0,0,0,0,0,0,0,0,0
Fluc_spike	15	G	83420,44,18,83277,53,0,0,28,7,89,0,0,0,0,0,0,0,0,0
Fluc_spike	16	C	83728,11,83682,6,26,0,0,3,0,4,0,0,0,0,0,0,0,0,0
Fluc_spike	17	C	83951,12,83886,2,46,0,0,5,4,31,0,0,0,0,0,0,0,0,0
Fluc_spike	18	A	84025,83945,19,22,7,0,0,32,8,41,0,0,0,0,0,0,0,0,0
Fluc_spike	19	T	84002,3,32,1,83962,0,0,4,0,1,0,0,0,0,0,0,0,0,0
Fluc_spike	20	T	84117,3,36,1,84074,0,0,3,5,17,0,0,0,0,0,0,0,0,0
Fluc_spike	21	C	84199,18,84143,1,20,0,0,17,2,17,0,0,0,0,0,0,0,0,0
Fluc_spike	22	T	84163,4,36,1,84108,0,0,14,10,6,0,0,0,0,0,0,0,0,0
Fluc_spike	23	A	83848,83791,23,18,10,0,0,6,2,4,0,0,0,0,0,0,0,0,0
Fluc_spike	24	T	84240,1,37,0,84199,0,0,3,0,2,0,0,0,0,0,0,0,0,0
Fluc_spike	25	C	84259,16,84226,1,15,0,0,1,0,4,0,0,0,0,0,0,0,0,0
Fluc_spike	26	C	84169,22,84127,5,14,0,0,1,0,0,0,0,0,0,0,0,0,0,0
Fluc_spike	27	T	84154,6,64,3,84081,0,0,0,1,0,0,0,0,0,0,0,0,0,0
Fluc_spike	28	C	83496,27,83449,2,18,0,0,0,0,3,0,0,0,0,0,0,0,0,0
Fluc_spike	29	T	84166,5,29,1,84128,0,0,3,0,16,0,0,0,0,0,0,0,0,0
Fluc_spike	30	A	84504,84447,22,27,4,0,0,4,1,1,0,0,0,0,0,0,0,0,0
Fluc_spike	31	G	84891,22,6,84816,46,0,0,1,0,4,0,0,0,0,0,0,0,0,0
Fluc_spike	32	A	85116,85089,6,19,0,0,0,2,0,6,0,0,0,0,0,0,0,0,0
Fluc_spike	33	G	85189,16,3,85135,34,0,0,1,0,0,0,0,0,0,0,0,0,0,0
Fluc_spike	34	G	85145,20,1,85112,11,0,0,1,0,2,0,0,0,0,0,0,0,0,0
Fluc_spike	35	A	85270,85232,8,20,8,0,0,2,1,1,0,0,0,0,0,0,0,0,0
Fluc_spike	36	T	85530,5,35,2,85486,0,0,2,1,3,0,0,0,0,0,0,0,0,0
Fluc_spike	37	G	85289,52,0,85214,23,0,0,0,0,1,0,0,0,0,0,0,0,0,0
Fluc_spike	38	G	85324,20,3,85282,19,0,0,0,1,3,0,0,0,0,0,0,0,0,0
Fluc_spike	39	A	85312,85263,9,36,4,0,0,0,0,0,0,0,0,0,0,0,0,0,0
Fluc_spike	40	A	85370,85340,6,19,5,0,0,0,8,2,0,0,0,0,0,0,0,0,0
Fluc_spike	41	C	85766,15,85712,3,36,0,0,0,0,1,0,0,0,0,0,0,0,0,0
Fluc_spike	42	C	85771,20,85714,13,24,0,0,0,4,1,0,0,0,0,0,0,0,0,0
Fluc_spike	43	G	85272,40,4,85210,17,0,0,1,0,1,0,0,0,0,0,0,0,0,0
Fluc_spike	44	C	85792,16,85769,0,6,0,0,1,0,0,0,0,0,0,0,0,0,0,0
Fluc_spike	45	T	85519,1,50,1,85467,0,0,0,0,7,0,0,0,0,0,0,0,0,0
Fluc_spike	46	G	85299,24,3,85241,31,0,0,0,0,1,0,0,0,0,0,0,0,0,0
Fluc_spike	47	G	85384,27,11,85262,84,0,0,0,0,2,0,0,0,0,0,0,0,0,0
Fluc_spike	48	A	85669,85624,0,35,8,0,0,2,0,0,0,0,0,0,0,0,0,0,0
Fluc_spike	49	G	85437,23,9,85339,66,0,0,0,0,1,0,0,0,0,0,0,0,0,0
Fluc_spike	50	A	85602,85552,12,29,8,0,0,1,0,4,0,0,0,0,0,0,0,0,0
Fluc_spike	51	G	85488,24,6,85419,35,0,0,4,6,1,0,0,0,0,0,0,0,0,0
Fluc_spike	52	C	86289,10,86237,2,40,0,0,0,2,16,0,0,0,0,0,0,0,0,0
Fluc_spike	53	A	86120,86071,6,34,9,0,0,0,0,0,0,0,0,0,0,0,0,0,0
Fluc_spike	54	A	85997,85962,3,29,3,0,0,0,0,2,0,0,0,0,0,0,0,0,0
Fluc_spike	55	C	86398,20,86351,1,24,0,0,2,0,0,0,0,0,0,0,0,0,0,0
Fluc_spike	56	T	86295,5,39,2,86249,0,0,0,0,3,0,0,0,0,0,0,0,0,0
Fluc_spike	57	G	86444,36,13,86378,16,0,0,1,0,0,0,0,0,0,0,0,0,0,0
Fluc_spike	58	C	86934,17,86887,10,20,0,0,0,0,7,0,0,0,0,0,0,0,0,0
Fluc_spike	59	A	86674,86636,7,20,7,0,0,4,1,3,0,0,0,0,0,0,0,0,0
Fluc_spike	60	T	86922,6,31,4,86878,0,0,3,0,15,0,0,0,0,0,0,0,0,0
Fluc_spike	61	A	87033,86992,2,33,4,0,0,2,0,0,0,0,0,0,0,0,0,0,0
Fluc_spike	62	A	87353,87310,3,30,8,0,0,2,1,2,0,0,0,0,0,0,0,0,0
Fluc_spike	63	G	87519,14,2,87470,33,0,0,0,0,0,0,0,0,0,0,0,0,0,0
Fluc_spike	64	G	87474,14,4,87434,22,0,0,0,0,1,0,0,0,0,0,0,0,0,0
Fluc_spike	65	C	87879,13,87841,4,20,0,0,1,0,6,0,0,0,0,0,0,0,0,0
Fluc_spike	66	T	87602,2,30,2,87566,0,0,2,0,2,0,0,0,0,0,0,0,0,0
Fluc_spike	67	A	87489,87460,10,17,0,0,0,2,0,0,0,0,0,0,0,0,0,0,0
Fluc_spike	68	T	87843,5,21,1,87816,0,0,0,0,4,0,0,0,0,0,0,0,0,0
Fluc_spike	69	G	87604,35,4,87538,23,0,0,4,1,13,0,0,0,0,0,0,0,0,0
Fluc_spike	70	A	87791,87741,5,31,14,0,0,0,1,9,0,0,0,0,0,0,0,0,0
Fluc_spike	71	A	87771,87719,10,25,17,0,0,0,0,3,0,0,0,0,0,0,0,0,0
Fluc_spike	72	G	87657,28,2,87594,30,0,0,3,1,0,0,0,0,0,0,0,0,0,0
Fluc_spike	73	A	87623,87564,4,52,3,0,0,0,0,1,0,0,0,0,0,0,0,0,0
Fluc_spike	74	G	87714,19,7,87642,45,0,0,1,1,1,0,0,0,0,0,0,0,0,0
Fluc_spike	75	A	87246,87217,3,23,2,0,0,1,0,0,0,0,0,0,0,0,0,0,0
Fluc_spike	76	T	87879,7,17,0,87855,0,0,0,0,8,0,0,0,0,0,0,0,0,0
Fluc_spike	77	A	87626,87592,12,12,2,0,0,8,1,0,0,0,0,0,0,0,0,0,0
Fluc_spike	78	C	87670,28,87571,3,64,0,0,4,0,6,0,0,0,0,0,0,0,0,0
Fluc_spike	79	G	87544,37,18,87458,25,0,0,6,2,10,0,0,0,0,0,0,0,0,0
Fluc_spike	80	C	87693,8,87663,3,19,0,0,0,0,0,0,0,0,0,0,0,0,0,0
Fluc_spike	81	C	87742,21,87699,1,21,0,0,0,0,0,0,0,0,0,0,0,0,0,0
Fluc_spike	82	C	87700,61,87617,6,16,0,0,0,0,1,0,0,0,0,0,0,0,0,0
Fluc_spike	83	T	87704,9,29,2,87663,0,0,1,0,2,0,0,0,0,0,0,0,0,0
Fluc_spike	84	G	87080,10,0,87067,3,0,0,0,0,0,0,0,0,0,0,0,0,0,0
Fluc_spike	85	G	87037,2,1,87033,1,0,0,0,0,0,0,0,0,0,0,0,0,0,0
Fluc_spike	86	T	80105,0,2,0,80103,0,0,0,0,0,0,0,0,0,0,0,0,0,0
Fluc_spike	87	T	14433,0,0,0,14433,0,0,0,0,0,0,0,0,0,0,0,0,0,0
Fluc_spike	88	C	7075,0,7075,0,0,0,0,0,0,0,0,0,0,0,0,0,0,0,0
Fluc_spike	89	C	4947,0,4947,0,0,0,0,0,0,0,0,0,0,0,0,0,0,0,0
glyco_Fluc_spike	1	G	3935,0,0,3935,0,0,0,0,0,0,0,0,0,0,0,0,0,0,0
glyco_Fluc_spike	2	A	4988,4988,0,0,0,0,0,0,0,0,0,0,0,0,0,0,0,0,0
glyco_Fluc_spike	3	A	5171,5171,0,0,0,0,0,0,0,0,0,0,0,0,0,0,0,0,0
glyco_Fluc_spike	4	C	5460,0,5460,0,0,0,0,0,1,0,0,0,0,0,0,0,0,0,0
glyco_Fluc_spike	5	G	6875,4,0,6866,5,0,0,0,0,4,0,0,0,0,0,0,0,0,0
glyco_Fluc_spike	6	A	7180,7173,2,1,0,0,0,4,1,7,0,0,0,0,0,0,0,0,0
glyco_Fluc_spike	7	G	7322,5,1,7307,2,0,0,7,0,2,0,0,0,0,0,0,0,0,0
glyco_Fluc_spike	8	C	7365,0,7354,0,10,0,0,1,0,0,0,0,0,0,0,0,0,0,0
glyco_Fluc_spike	9	C	8056,1,8047,0,8,0,0,0,2,14,0,0,0,0,0,0,0,0,0
glyco_Fluc_spike	10	G	8183,4,2,8174,3,0,0,0,0,1,0,0,0,0,0,0,0,0,0
glyco_Fluc_spike	11	G	8215,4,0,8211,0,0,0,0,0,3,0,0,0,0,0,0,0,0,0
glyco_Fluc_spike	12	C	8266,0,8258,1,5,0,0,2,10,7,0,0,0,0,0,0,0,0,0
glyco_Fluc_spike	13	G	8279,9,4,8253,6,0,0,7,4,11,0,0,0,0,0,0,0,0,0
glyco_Fluc_spike	14	C	8322,1,8303,0,17,0,0,1,0,0,0,0,0,0,0,0,0,0,0
glyco_Fluc_spike	15	C	8520,0,8503,2,14,0,0,1,0,5,0,0,0,0,0,0,0,0,0
glyco_Fluc_spike	16	A	8765,8749,1,2,7,0,0,6,2,7,0,0,0,0,0,0,0,0,0
glyco_Fluc_spike	17	T	8801,0,4,0,8793,0,0,4,0,0,0,0,0,0,0,0,0,0,0
glyco_Fluc_spike	18	T	8814,0,2,0,8809,0,0,3,0,0,0,0,0,0,0,0,0,0,0
glyco_Fluc_spike	19	C	8836,4,8830,0,2,0,0,0,0,4,0,0,0,0,0,0,0,0,0
glyco_Fluc_spike	20	T	8840,0,1,0,8835,0,0,4,0,0,0,0,0,0,0,0,0,0,0
glyco_Fluc_spike	21	A	8834,8828,0,3,3,0,0,0,0,2,0,0,0,0,0,0,0,0,0
glyco_Fluc_spike	22	T	8898,0,2,0,8894,0,0,2,1,3,0,0,0,0,0,0,0,0,0
glyco_Fluc_spike	23	C	8901,0,8896,0,5,0,0,0,0,97,0,0,0,0,0,0,0,0,0
glyco_Fluc_spike	24	C	8809,0,8804,1,4,0,0,0,1,4,0,0,0,0,0,0,0,0,0
glyco_Fluc_spike	25	T	8828,0,8,0,8816,0,0,4,6,3,0,0,0,0,0,0,0,0,0
glyco_Fluc_spike	26	C	8820,1,8805,0,10,0,0,4,2,13,0,0,0,0,0,0,0,0,0
glyco_Fluc_spike	27	T	8891,0,1,0,8877,0,0,13,0,23,0,0,0,0,0,0,0,0,0
glyco_Fluc_spike	28	A	10209,10175,4,1,7,0,0,22,4,2,0,0,0,0,0,0,0,0,0
glyco_Fluc_spike	29	G	10251,5,3,10232,9,0,0,2,1,12,0,0,0,0,0,0,0,0,0
glyco_Fluc_spike	30	A	10228,10207,2,4,3,0,0,12,1,18,0,0,0,0,0,0,0,0,0
glyco_Fluc_spike	31	G	10231,15,4,10207,5,0,0,0,0,1,0,0,0,0,0,0,0,0,0
glyco_Fluc_spike	32	G	10226,3,1,10222,0,0,0,0,0,4,0,0,0,0,0,0,0,0,0
glyco_Fluc_spike	33	A	10230,10219,0,3,4,0,0,4,0,0,0,0,0,0,0,0,0,0,0
glyco_Fluc_spike	34	T	10276,0,6,7,10260,0,0,3,5,1,0,0,0,0,0,0,0,0,0
glyco_Fluc_spike	35	G	10245,21,2,10218,4,0,0,0,0,0,0,0,0,0,0,0,0,0,0
glyco_Fluc_spike	36	G	10248,6,1,10236,5,0,0,0,7,7,0,0,0,0,0,0,0,0,0
glyco_Fluc_spike	37	A	10227,10222,1,2,1,0,0,1,0,0,0,0,0,0,0,0,0,0,0
glyco_Fluc_spike	38	A	10215,10206,5,0,3,0,0,1,8,13,0,0,0,0,0,0,0,0,0
glyco_Fluc_spike	39	C	10268,2,10244,0,22,0,0,0,0,0,0,0,0,0,0,0,0,0,0
glyco_Fluc_spike	40	C	10263,2,10237,5,19,0,0,0,2,5,0,0,0,0,0,0,0,0,0
glyco_Fluc_spike	41	G	10249,39,3,10200,2,0,0,5,0,0,0,0,0,0,0,0,0,0,0
glyco_Fluc_spike	42	C	10271,2,10264,0,5,0,0,0,1,0,0,0,0,0,0,0,0,0,0
glyco_Fluc_spike	43	T	10272,0,3,0,10269,0,0,0,3,5,0,0,0,0,0,0,0,0,0
glyco_Fluc_spike	44	G	10242,26,1,10214,1,0,0,0,0,0,0,0,0,0,0,0,0,0,0
glyco_Fluc_spike	45	G	10225,33,0,10191,1,0,0,0,0,0,0,0,0,0,0,0,0,0,0
glyco_Fluc_spike	46	C	10281,0,10276,1,4,0,0,0,0,0,0,0,0,0,0,0,0,0,0
glyco_Fluc_spike	47	T	10237,0,2,0,10235,0,0,0,0,0,0,0,0,0,0,0,0,0,0
glyco_Fluc_spike	48	G	10143,0,0,10143,0,0,0,0,0,0,0,0,0,0,0,0,0,0,0
glyco_Fluc_spike	49	G	9736,0,0,9736,0,0,0,0,0,0,0,0,0,0,0,0,0,0,0
glyco_Fluc_spike	50	T	492,0,0,0,492,0,0,0,0,0,0,0,0,0,0,0,0,0,0
glyco_Fluc_spike	51	T	455,0,0,0,455,0,0,0,0,0,0,0,0,0,0,0,0,0,0
