chr	pos	ref_base	depth,A,C,G,T,N,Skip,Gap,Insert,Delete,,a,c,g,t,n,skip,gap,insert,delete
Fluc_spike	1	G	1778487,0,0,1778487,0,0,0,0,0,0,0,0,0,0,0,0,0,0,0
Fluc_spike	2	G	1932763,0,0,1932763,0,0,0,0,0,0,0,0,0,0,0,0,0,0,0
Fluc_spike	3	G	1974156,0,0,1974156,0,0,0,0,0,0,0,0,0,0,0,0,0,0,0
Fluc_spike	4	A	2210287,2210113,121,47,6,0,0,0,0,0,0,0,0,0,0,0,0,0,0
Fluc_spike	5	A	2219258,2218182,342,638,96,0,0,0,91,3064,0,0,0,0,0,0,0,0,0
Fluc_spike	6	C	2233265,163,2232408,24,670,0,0,0,1,7,0,0,0,0,0,0,0,0,0
Fluc_spike	7	C	2233912,189,2232996,37,683,0,0,7,46,1263,0,0,0,0,0,0,0,0,0
Fluc_spike	8	A	2226952,2224236,682,702,66,0,0,1266,32,586,0,0,0,0,0,0,0,0,0
Fluc_spike	9	G	2232083,1104,191,2228838,1338,0,0,612,1153,859,0,0,0,0,0,0,0,0,0
Fluc_spike	10	C	2236343,362,2234661,93,1214,0,0,13,3,46,0,0,0,0,0,0,0,0,0
Fluc_spike	11	C	2236255,396,2234692,94,1054,0,0,19,205,2288,0,0,0,0,0,0,0,0,0
Fluc_spike	12	G	2235901,1238,373,2232391,534,0,0,1365,6,209,0,0,0,0,0,0,0,0,0
Fluc_spike	13	G	2236803,749,170,2234012,515,0,0,1357,207,407,0,0,0,0,0,0,0,0,0
Fluc_spike	14	C	2243232,307,2241039,118,1388,0,0,380,200,588,0,0,0,0,0,0,0,0,0
Fluc_spike	15	G	2240351,1470,400,2236496,1390,0,0,595,118,2875,0,0,0,0,0,0,0,0,0
Fluc_spike	16	C	2244124,328,2242648,93,950,0,0,105,4,117,0,0,0,0,0,0,0,0,0
Fluc_spike	17	C	2248187,297,2246376,94,1226,0,0,194,125,972,0,0,0,0,0,0,0,0,0
Fluc_spike	18	A	2250502,2247944,421,680,342,0,0,1115,212,1146,0,0,0,0,0,0,0,0,0
Fluc_spike	19	T	2250558,97,885,31,2249421,0,0,124,14,86,0,0,0,0,0,0,0,0,0
Fluc_spike	20	T	2252855,99,1251,25,2251427,0,0,53,86,622,0,0,0,0,0,0,0,0,0
Fluc_spike	21	C	2254584,474,2252789,76,621,0,0,624,90,405,0,0,0,0,0,0,0,0,0
Fluc_spike	22	T	2254310,104,969,28,2252822,0,0,387,239,96,0,0,0,0,0,0,0,0,0
Fluc_spike	23	A	2246525,2245022,529,662,216,0,0,96,83,48,0,0,0,0,0,0,0,0,0
Fluc_spike	24	T	2255590,139,831,9,2254566,0,0,45,6,81,0,0,0,0,0,0,0,0,0
Fluc_spike	25	C	2255874,208,2255091,52,520,0,0,3,1,259,0,0,0,0,0,0,0,0,0
Fluc_spike	26	C	2255576,509,2254510,88,467,0,0,2,0,37,0,0,0,0,0,0,0,0,0
Fluc_spike	27	T	2254085,99,1295,36,2252619,0,0,36,51,25,0,0,0,0,0,0,0,0,0
Fluc_spike	28	C	2243877,412,2242707,79,652,0,0,27,2,46,0,0,0,0,0,0,0,0,0
Fluc_spike	29	T	2254401,212,842,43,2253254,0,0,50,0,541,0,0,0,0,0,0,0,0,0
Fluc_spike	30	A	2278157,2276824,407,641,202,0,0,83,2,29,0,0,0,0,0,0,0,0,0
Fluc_spike	31	G	2293789,483,318,2291836,1122,0,0,30,19,31,0,0,0,0,0,0,0,0,0
Fluc_spike	32	A	2300508,2299457,120,825,73,0,0,33,8,148,0,0,0,0,0,0,0,0,0
Fluc_spike	33	G	2302577,500,62,2301410,538,0,0,67,4,6,0,0,0,0,0,0,0,0,0
Fluc_spike	34	G	2302527,675,54,2301377,352,0,0,69,4,15,0,0,0,0,0,0,0,0,0
Fluc_spike	35	A	2303586,2302530,171,714,152,0,0,19,5,15,0,0,0,0,0,0,0,0,0
Fluc_spike	36	T	2308816,184,804,69,2307741,0,0,18,3,79,0,0,0,0,0,0,0,0,0
Fluc_spike	37	G	2305428,1423,63,2303601,337,0,0,4,0,0,0,0,0,0,0,0,0,0,0
Fluc_spike	38	G	2306891,667,76,2305653,491,0,0,4,14,82,0,0,0,0,0,0,0,0,0
Fluc_spike	39	A	2306972,2305538,121,1221,89,0,0,3,0,2,0,0,0,0,0,0,0,0,0
Fluc_spike	40	A	2307818,2306852,103,795,64,0,0,4,93,42,0,0,0,0,0,0,0,0,0
Fluc_spike	41	C	2314776,394,2313195,65,1115,0,0,7,4,35,0,0,0,0,0,0,0,0,0
Fluc_spike	42	C	2314934,325,2313432,389,781,0,0,7,65,66,0,0,0,0,0,0,0,0,0
Fluc_spike	43	G	2305649,1311,128,2303527,612,0,0,71,0,9,0,0,0,0,0,0,0,0,0
Fluc_spike	44	C	2316016,231,2315383,36,352,0,0,14,5,23,0,0,0,0,0,0,0,0,0
Fluc_spike	45	T	2310213,152,1160,79,2308797,0,0,25,0,143,0,0,0,0,0,0,0,0,0
Fluc_spike	46	G	2307100,667,132,2305694,597,0,0,10,6,15,0,0,0,0,0,0,0,0,0
Fluc_spike	47	G	2310407,568,260,2307589,1982,0,0,8,0,29,0,0,0,0,0,0,0,0,0
Fluc_spike	48	A	2315571,2314286,69,1002,186,0,0,28,0,3,0,0,0,0,0,0,0,0,0
Fluc_spike	49	G	2311151,523,204,2309000,1419,0,0,5,1,26,0,0,0,0,0,0,0,0,0
Fluc_spike	50	A	2316019,2314569,270,1019,133,0,0,28,1,37,0,0,0,0,0,0,0,0,0
Fluc_spike	51	G	2311417,624,173,2309788,796,0,0,36,95,40,0,0,0,0,0,0,0,0,0
Fluc_spike	52	C	2326224,345,2324477,91,1283,0,0,28,21,323,0,0,0,0,0,0,0,0,0
Fluc_spike	53	A	2322494,2321230,94,979,169,0,0,22,1,14,0,0,0,0,0,0,0,0,0
Fluc_spike	54	A	2320607,2319534,104,774,161,0,0,34,1,19,0,0,0,0,0,0,0,0,0
Fluc_spike	55	C	2329298,440,2327961,59,801,0,0,37,0,39,0,0,0,0,0,0,0,0,0
Fluc_spike	56	T	2325652,179,1202,138,2324085,0,0,48,0,62,0,0,0,0,0,0,0,0,0
Fluc_spike	57	G	2333648,1244,246,2331469,623,0,0,66,0,4,0,0,0,0,0,0,0,0,0
Fluc_spike	58	C	2344357,452,2342932,62,899,0,0,12,1,108,0,0,0,0,0,0,0,0,0
Fluc_spike	59	A	2338158,2336889,215,803,178,0,0,73,17,40,0,0,0,0,0,0,0,0,0
Fluc_spike	60	T	2343324,256,707,13,2342304,0,0,44,7,265,0,0,0,0,0,0,0,0,0
Fluc_spike	61	A	2352273,2351236,65,888,68,0,0,16,1,1,0,0,0,0,0,0,0,0,0
Fluc_spike	62	A	2360002,2358905,110,780,191,0,0,16,37,120,0,0,0,0,0,0,0,0,0
Fluc_spike	63	G	2362981,526,91,2361625,732,0,0,7,0,5,0,0,0,0,0,0,0,0,0
Fluc_spike	64	G	2362124,707,152,2360659,602,0,0,4,2,26,0,0,0,0,0,0,0,0,0
Fluc_spike	65	C	2370185,338,2368980,101,738,0,0,28,4,79,0,0,0,0,0,0,0,0,0
Fluc_spike	66	T	2364529,110,1004,68,2363326,0,0,21,0,53,0,0,0,0,0,0,0,0,0
Fluc_spike	67	A	2362820,2361644,317,658,169,0,0,32,0,22,0,0,0,0,0,0,0,0,0
Fluc_spike	68	T	2371245,188,941,40,2370054,0,0,22,0,80,0,0,0,0,0,0,0,0,0
Fluc_spike	69	G	2366038,906,114,2364323,613,0,0,82,9,182,0,0,0,0,0,0,0,0,0
Fluc_spike	70	A	2370404,2369077,114,1017,194,0,0,2,5,410,0,0,0,0,0,0,0,0,0
Fluc_spike	71	A	2369558,2368216,141,926,273,0,0,2,2,63,0,0,0,0,0,0,0,0,0
Fluc_spike	72	G	2366777,780,83,2365035,814,0,0,65,77,30,0,0,0,0,0,0,0,0,0
Fluc_spike	73	A	2366723,2365520,89,881,201,0,0,32,1,63,0,0,0,0,0,0,0,0,0
Fluc_spike	74	G	2368051,600,168,2366228,990,0,0,65,14,31,0,0,0,0,0,0,0,0,0
Fluc_spike	75	A	2359810,2358690,107,872,127,0,0,14,24,37,0,0,0,0,0,0,0,0,0
Fluc_spike	76	T	2370749,231,762,15,2369702,0,0,39,18,134,0,0,0,0,0,0,0,0,0
Fluc_spike	77	A	2364442,2363155,334,701,119,0,0,133,18,41,0,0,0,0,0,0,0,0,0
Fluc_spike	78	C	2368328,714,2365838,128,1525,0,0,123,3,135,0,0,0,0,0,0,0,0,0
Fluc_spike	79	G	2362814,960,482,2360482,755,0,0,135,19,228,0,0,0,0,0,0,0,0,0
Fluc_spike	80	C	2366895,291,2366073,57,474,0,0,0,0,0,0,0,0,0,0,0,0,0,0
Fluc_spike	81	C	2366875,467,2365669,63,676,0,0,0,0,0,0,0,0,0,0,0,0,0,0
Fluc_spike	82	C	2365534,1031,2363850,113,540,0,0,0,5,24,0,0,0,0,0,0,0,0,0
Fluc_spike	83	T	2365667,112,823,70,2364638,0,0,24,2,33,0,0,0,0,0,0,0,0,0
Fluc_spike	84	G	2351873,267,16,2351497,93,0,0,0,0,0,0,0,0,0,0,0,0,0,0
Fluc_spike	85	G	2351106,79,66,2350915,46,0,0,0,0,0,0,0,0,0,0,0,0,0,0
Fluc_spike	86	T	2146936,7,56,1,2146872,0,0,0,0,0,0,0,0,0,0,0,0,0,0
Fluc_spike	87	T	390519,0,4,0,390515,0,0,0,0,0,0,0,0,0,0,0,0,0,0
Fluc_spike	88	C	183723,0,183723,0,0,0,0,0,0,0,0,0,0,0,0,0,0,0,0
Fluc_spike	89	C	130659,0,130659,0,0,0,0,0,0,0,0,0,0,0,0,0,0,0,0
glyco_Fluc_spike	1	G	32730,0,0,32730,0,0,0,0,0,0,0,0,0,0,0,0,0,0,0
glyco_Fluc_spike	2	A	39635,39635,0,0,0,0,0,0,0,0,0,0,0,0,0,0,0,0,0
glyco_Fluc_spike	3	A	40722,40722,0,0,0,0,0,0,0,0,0,0,0,0,0,0,0,0,0
glyco_Fluc_spike	4	C	42345,0,42345,0,0,0,0,0,5,0,0,0,0,0,0,0,0,0,0
glyco_Fluc_spike	5	G	56903,10,1,56864,28,0,0,0,2,30,0,0,0,0,0,0,0,0,0
glyco_Fluc_spike	6	A	58724,58668,13,11,2,0,0,30,5,51,0,0,0,0,0,0,0,0,0
glyco_Fluc_spike	7	G	59349,38,4,59245,10,0,0,52,2,20,0,0,0,0,0,0,0,0,0
glyco_Fluc_spike	8	C	59583,3,59498,1,79,0,0,2,0,4,0,0,0,0,0,0,0,0,0
glyco_Fluc_spike	9	C	63275,10,63168,4,91,0,0,2,16,88,0,0,0,0,0,0,0,0,0
glyco_Fluc_spike	10	G	64265,81,19,64137,24,0,0,4,0,23,0,0,0,0,0,0,0,0,0
glyco_Fluc_spike	11	G	64499,72,22,64391,12,0,0,2,2,60,0,0,0,0,0,0,0,0,0
glyco_Fluc_spike	12	C	64828,8,64678,6,81,0,0,55,108,96,0,0,0,0,0,0,0,0,0
glyco_Fluc_spike	13	G	64702,70,27,64443,69,0,0,93,23,127,0,0,0,0,0,0,0,0,0
glyco_Fluc_spike	14	C	64914,5,64810,9,89,0,0,1,0,8,0,0,0,0,0,0,0,0,0
glyco_Fluc_spike	15	C	66213,2,66075,7,125,0,0,4,4,51,0,0,0,0,0,0,0,0,0
glyco_Fluc_spike	16	A	68142,67997,5,23,64,0,0,53,15,82,0,0,0,0,0,0,0,0,0
glyco_Fluc_spike	17	T	68414,1,17,3,68383,0,0,10,0,1,0,0,0,0,0,0,0,0,0
glyco_Fluc_spike	18	T	68475,3,31,3,68435,0,0,3,2,8,0,0,0,0,0,0,0,0,0
glyco_Fluc_spike	19	C	68656,13,68607,1,26,0,0,9,1,43,0,0,0,0,0,0,0,0,0
glyco_Fluc_spike	20	T	68652,6,19,2,68589,0,0,36,5,10,0,0,0,0,0,0,0,0,0
glyco_Fluc_spike	21	A	68559,68490,13,16,29,0,0,11,1,15,0,0,0,0,0,0,0,0,0
glyco_Fluc_spike	22	T	68954,1,34,2,68906,0,0,11,3,12,0,0,0,0,0,0,0,0,0
glyco_Fluc_spike	23	C	68957,2,68909,3,42,0,0,1,2,403,0,0,0,0,0,0,0,0,0
glyco_Fluc_spike	24	C	68619,12,68582,1,23,0,0,1,2,25,0,0,0,0,0,0,0,0,0
glyco_Fluc_spike	25	T	68618,2,70,2,68520,0,0,24,24,8,0,0,0,0,0,0,0,0,0
glyco_Fluc_spike	26	C	68606,6,68504,3,84,0,0,9,0,79,0,0,0,0,0,0,0,0,0
glyco_Fluc_spike	27	T	69222,2,24,2,69113,0,0,81,7,158,0,0,0,0,0,0,0,0,0
glyco_Fluc_spike	28	A	81921,81683,17,15,60,0,0,146,35,16,0,0,0,0,0,0,0,0,0
glyco_Fluc_spike	29	G	82201,26,34,82088,40,0,0,13,5,56,0,0,0,0,0,0,0,0,0
glyco_Fluc_spike	30	A	82100,81997,8,20,18,0,0,57,14,116,0,0,0,0,0,0,0,0,0
glyco_Fluc_spike	31	G	82112,113,11,81953,35,0,0,0,4,6,0,0,0,0,0,0,0,0,0
glyco_Fluc_spike	32	G	82136,26,4,82087,19,0,0,0,2,15,0,0,0,0,0,0,0,0,0
glyco_Fluc_spike	33	A	82065,81986,2,19,42,0,0,16,1,11,0,0,0,0,0,0,0,0,0
glyco_Fluc_spike	34	T	82408,3,22,32,82335,0,0,16,26,16,0,0,0,0,0,0,0,0,0
glyco_Fluc_spike	35	G	82199,190,8,81952,46,0,0,3,0,1,0,0,0,0,0,0,0,0,0
glyco_Fluc_spike	36	G	82232,50,7,82147,24,0,0,4,50,54,0,0,0,0,0,0,0,0,0
glyco_Fluc_spike	37	A	82126,82068,5,37,15,0,0,1,0,2,0,0,0,0,0,0,0,0,0
glyco_Fluc_spike	38	A	82106,82036,6,15,47,0,0,2,43,82,0,0,0,0,0,0,0,0,0
glyco_Fluc_spike	39	C	82420,7,82246,3,161,0,0,3,0,16,0,0,0,0,0,0,0,0,0
glyco_Fluc_spike	40	C	82370,8,82241,7,113,0,0,1,28,23,0,0,0,0,0,0,0,0,0
glyco_Fluc_spike	41	G	82208,305,43,81811,28,0,0,21,0,4,0,0,0,0,0,0,0,0,0
glyco_Fluc_spike	42	C	82441,5,82405,0,27,0,0,4,5,19,0,0,0,0,0,0,0,0,0
glyco_Fluc_spike	43	T	82394,4,27,1,82342,0,0,20,14,8,0,0,0,0,0,0,0,0,0
glyco_Fluc_spike	44	G	82149,245,11,81870,23,0,0,0,0,0,0,0,0,0,0,0,0,0,0
glyco_Fluc_spike	45	G	82110,270,3,81822,15,0,0,0,0,3,0,0,0,0,0,0,0,0,0
glyco_Fluc_spike	46	C	82500,3,82473,5,16,0,0,3,1,1,0,0,0,0,0,0,0,0,0
glyco_Fluc_spike	47	T	82194,0,7,0,82186,0,0,1,0,0,0,0,0,0,0,0,0,0,0
glyco_Fluc_spike	48	G	81428,9,1,81418,0,0,0,0,0,0,0,0,0,0,0,0,0,0,0
glyco_Fluc_spike	49	G	77988,0,0,77988,0,0,0,0,0,0,0,0,0,0,0,0,0,0,0
glyco_Fluc_spike	50	T	3004,0,0,0,3004,0,0,0,0,0,0,0,0,0,0,0,0,0,0
glyco_Fluc_spike	51	T	2630,0,0,0,2630,0,0,0,0,0,0,0,0,0,0,0,0,0,0
