chr	pos	ref_base	depth,A,C,G,T,N,Skip,Gap,Insert,Delete,,a,c,g,t,n,skip,gap,insert,delete
Fluc_spike	1	G	1820277,0,0,1820277,0,0,0,0,0,0,0,0,0,0,0,0,0,0,0
Fluc_spike	2	G	1988020,0,0,1988020,0,0,0,0,0,0,0,0,0,0,0,0,0,0,0
Fluc_spike	3	G	2049889,0,0,2049889,0,0,0,0,0,0,0,0,0,0,0,0,0,0,0
Fluc_spike	4	A	2288639,2288369,196,68,6,0,0,0,0,0,0,0,0,0,0,0,0,0,0
Fluc_spike	5	A	2304063,2302959,464,583,57,0,0,0,82,3754,0,0,0,0,0,0,0,0,0
Fluc_spike	6	C	2322952,162,2322113,24,653,0,0,0,1,15,0,0,0,0,0,0,0,0,0
Fluc_spike	7	C	2323717,124,2322716,165,698,0,0,14,53,1414,0,0,0,0,0,0,0,0,0
Fluc_spike	8	A	2314146,2310943,1084,654,44,0,0,1421,42,625,0,0,0,0,0,0,0,0,0
Fluc_spike	9	G	2320432,1152,155,2317004,1461,0,0,660,1637,898,0,0,0,0,0,0,0,0,0
Fluc_spike	10	C	2326923,327,2325432,88,1057,0,0,19,8,36,0,0,0,0,0,0,0,0,0
Fluc_spike	11	C	2323340,327,2322052,110,834,0,0,17,185,3167,0,0,0,0,0,0,0,0,0
Fluc_spike	12	G	2321774,1140,546,2317358,426,0,0,2304,6,173,0,0,0,0,0,0,0,0,0
Fluc_spike	13	G	2322486,673,289,2318684,543,0,0,2297,334,474,0,0,0,0,0,0,0,0,0
Fluc_spike	14	C	2333640,321,2331394,138,1344,0,0,443,171,770,0,0,0,0,0,0,0,0,0
Fluc_spike	15	G	2329594,1343,444,2325560,1479,0,0,768,156,3081,0,0,0,0,0,0,0,0,0
Fluc_spike	16	C	2337615,369,2336099,108,940,0,0,99,4,76,0,0,0,0,0,0,0,0,0
Fluc_spike	17	C	2340295,254,2338664,121,1095,0,0,161,150,888,0,0,0,0,0,0,0,0,0
Fluc_spike	18	A	2336495,2334015,522,609,359,0,0,990,213,1075,0,0,0,0,0,0,0,0,0
Fluc_spike	19	T	2336601,80,831,25,2335527,0,0,138,6,96,0,0,0,0,0,0,0,0,0
Fluc_spike	20	T	2339096,105,1105,26,2337801,0,0,59,94,739,0,0,0,0,0,0,0,0,0
Fluc_spike	21	C	2341763,406,2339844,76,696,0,0,741,104,377,0,0,0,0,0,0,0,0,0
Fluc_spike	22	T	2340747,108,1147,41,2339086,0,0,365,215,96,0,0,0,0,0,0,0,0,0
Fluc_spike	23	A	2332305,2330815,542,617,230,0,0,101,89,41,0,0,0,0,0,0,0,0,0
Fluc_spike	24	T	2342359,142,749,13,2341420,0,0,35,4,99,0,0,0,0,0,0,0,0,0
Fluc_spike	25	C	2342252,192,2341509,46,499,0,0,6,3,250,0,0,0,0,0,0,0,0,0
Fluc_spike	26	C	2340625,472,2339637,83,431,0,0,2,1,47,0,0,0,0,0,0,0,0,0
Fluc_spike	27	T	2339580,96,1202,43,2338192,0,0,47,47,37,0,0,0,0,0,0,0,0,0
Fluc_spike	28	C	2321619,505,2320506,65,506,0,0,37,0,75,0,0,0,0,0,0,0,0,0
Fluc_spike	29	T	2338531,209,762,49,2337440,0,0,71,3,331,0,0,0,0,0,0,0,0,0
Fluc_spike	30	A	2329986,2328511,485,693,189,0,0,108,8,17,0,0,0,0,0,0,0,0,0
Fluc_spike	31	G	2331536,489,226,2329207,1598,0,0,16,49,66,0,0,0,0,0,0,0,0,0
Fluc_spike	32	A	2333460,2332438,142,744,70,0,0,66,12,158,0,0,0,0,0,0,0,0,0
Fluc_spike	33	G	2335090,543,62,2333975,488,0,0,22,1,11,0,0,0,0,0,0,0,0,0
Fluc_spike	34	G	2333128,651,35,2332052,364,0,0,26,17,29,0,0,0,0,0,0,0,0,0
Fluc_spike	35	A	2335553,2334476,194,685,163,0,0,35,1,20,0,0,0,0,0,0,0,0,0
Fluc_spike	36	T	2342700,158,760,94,2341662,0,0,26,20,73,0,0,0,0,0,0,0,0,0
Fluc_spike	37	G	2334746,2313,43,2332041,343,0,0,6,1,0,0,0,0,0,0,0,0,0,0
Fluc_spike	38	G	2335402,652,60,2334197,488,0,0,5,11,94,0,0,0,0,0,0,0,0,0
Fluc_spike	39	A	2335143,2333734,159,1125,120,0,0,5,0,1,0,0,0,0,0,0,0,0,0
Fluc_spike	40	A	2337225,2336339,139,679,62,0,0,6,244,67,0,0,0,0,0,0,0,0,0
Fluc_spike	41	C	2346767,326,2344916,56,1454,0,0,15,8,16,0,0,0,0,0,0,0,0,0
Fluc_spike	42	C	2346500,292,2344624,898,672,0,0,14,142,54,0,0,0,0,0,0,0,0,0
Fluc_spike	43	G	2328858,1222,119,2326919,534,0,0,64,2,10,0,0,0,0,0,0,0,0,0
Fluc_spike	44	C	2340824,222,2340245,43,290,0,0,24,1,21,0,0,0,0,0,0,0,0,0
Fluc_spike	45	T	2331618,122,1089,67,2330312,0,0,28,2,108,0,0,0,0,0,0,0,0,0
Fluc_spike	46	G	2323033,577,82,2321825,537,0,0,12,3,8,0,0,0,0,0,0,0,0,0
Fluc_spike	47	G	2323737,577,205,2320870,2074,0,0,11,1,30,0,0,0,0,0,0,0,0,0
Fluc_spike	48	A	2329295,2328046,93,900,223,0,0,33,0,2,0,0,0,0,0,0,0,0,0
Fluc_spike	49	G	2320425,447,152,2318518,1303,0,0,5,3,26,0,0,0,0,0,0,0,0,0
Fluc_spike	50	A	2325422,2323965,399,928,103,0,0,27,5,24,0,0,0,0,0,0,0,0,0
Fluc_spike	51	G	2319502,513,139,2317919,906,0,0,25,68,29,0,0,0,0,0,0,0,0,0
Fluc_spike	52	C	2337494,379,2336059,65,972,0,0,19,16,283,0,0,0,0,0,0,0,0,0
Fluc_spike	53	A	2332724,2331482,137,910,183,0,0,12,0,3,0,0,0,0,0,0,0,0,0
Fluc_spike	54	A	2328523,2327636,117,614,142,0,0,14,1,3,0,0,0,0,0,0,0,0,0
Fluc_spike	55	C	2337502,425,2336429,71,571,0,0,6,1,28,0,0,0,0,0,0,0,0,0
Fluc_spike	56	T	2332857,153,1122,88,2331464,0,0,30,0,23,0,0,0,0,0,0,0,0,0
Fluc_spike	57	G	2325616,1098,235,2323702,551,0,0,30,1,4,0,0,0,0,0,0,0,0,0
Fluc_spike	58	C	2337702,410,2336592,64,630,0,0,6,2,83,0,0,0,0,0,0,0,0,0
Fluc_spike	59	A	2330155,2328992,197,768,135,0,0,63,11,42,0,0,0,0,0,0,0,0,0
Fluc_spike	60	T	2335486,234,659,14,2334533,0,0,46,12,262,0,0,0,0,0,0,0,0,0
Fluc_spike	61	A	2330468,2329491,77,824,58,0,0,18,1,0,0,0,0,0,0,0,0,0,0
Fluc_spike	62	A	2334081,2333053,132,689,191,0,0,16,44,52,0,0,0,0,0,0,0,0,0
Fluc_spike	63	G	2334416,472,63,2333169,704,0,0,8,0,2,0,0,0,0,0,0,0,0,0
Fluc_spike	64	G	2330589,696,94,2329192,604,0,0,3,0,19,0,0,0,0,0,0,0,0,0
Fluc_spike	65	C	2341738,322,2340814,89,488,0,0,25,4,66,0,0,0,0,0,0,0,0,0
Fluc_spike	66	T	2334248,95,908,52,2333168,0,0,25,2,33,0,0,0,0,0,0,0,0,0
Fluc_spike	67	A	2328535,2327456,302,599,152,0,0,26,2,19,0,0,0,0,0,0,0,0,0
Fluc_spike	68	T	2337065,185,784,37,2336041,0,0,18,0,41,0,0,0,0,0,0,0,0,0
Fluc_spike	69	G	2329903,823,88,2328299,649,0,0,44,13,108,0,0,0,0,0,0,0,0,0
Fluc_spike	70	A	2335622,2334464,118,902,134,0,0,4,6,147,0,0,0,0,0,0,0,0,0
Fluc_spike	71	A	2334803,2333621,179,781,219,0,0,3,2,42,0,0,0,0,0,0,0,0,0
Fluc_spike	72	G	2331453,629,53,2329950,776,0,0,45,54,25,0,0,0,0,0,0,0,0,0
Fluc_spike	73	A	2331132,2330002,76,863,165,0,0,26,0,33,0,0,0,0,0,0,0,0,0
Fluc_spike	74	G	2333403,622,140,2331655,952,0,0,34,14,33,0,0,0,0,0,0,0,0,0
Fluc_spike	75	A	2322162,2321097,97,822,130,0,0,16,15,24,0,0,0,0,0,0,0,0,0
Fluc_spike	76	T	2338008,226,613,17,2337127,0,0,25,15,96,0,0,0,0,0,0,0,0,0
Fluc_spike	77	A	2330928,2329864,224,647,98,0,0,95,23,29,0,0,0,0,0,0,0,0,0
Fluc_spike	78	C	2332374,672,2330333,115,1165,0,0,89,4,77,0,0,0,0,0,0,0,0,0
Fluc_spike	79	G	2328846,872,401,2326825,671,0,0,77,10,200,0,0,0,0,0,0,0,0,0
Fluc_spike	80	C	2332836,294,2332089,48,405,0,0,0,0,0,0,0,0,0,0,0,0,0,0
Fluc_spike	81	C	2334121,411,2332973,53,684,0,0,0,0,0,0,0,0,0,0,0,0,0,0
Fluc_spike	82	C	2332630,870,2331121,117,522,0,0,0,1,22,0,0,0,0,0,0,0,0,0
Fluc_spike	83	T	2333093,121,707,79,2332164,0,0,22,1,35,0,0,0,0,0,0,0,0,0
Fluc_spike	84	G	2316165,235,14,2315857,59,0,0,0,0,0,0,0,0,0,0,0,0,0,0
Fluc_spike	85	G	2315378,88,17,2315239,34,0,0,0,1,0,0,0,0,0,0,0,0,0,0
Fluc_spike	86	T	2134952,6,42,4,2134900,0,0,0,0,0,0,0,0,0,0,0,0,0,0
Fluc_spike	87	T	340232,0,3,2,340227,0,0,0,0,1,0,0,0,0,0,0,0,0,0
Fluc_spike	88	C	154823,0,154823,0,0,0,0,0,0,0,0,0,0,0,0,0,0,0,0
Fluc_spike	89	C	86140,0,86140,0,0,0,0,0,0,0,0,0,0,0,0,0,0,0,0
glyco_Fluc_spike	1	G	422708,0,0,422708,0,0,0,0,0,0,0,0,0,0,0,0,0,0,0
glyco_Fluc_spike	2	A	554103,554103,0,0,0,0,0,0,0,0,0,0,0,0,0,0,0,0,0
glyco_Fluc_spike	3	A	564405,564405,0,0,0,0,0,0,0,0,0,0,0,0,0,0,0,0,0
glyco_Fluc_spike	4	C	572990,1,572985,0,4,0,0,0,45,0,0,0,0,0,0,0,0,0,0
glyco_Fluc_spike	5	G	646618,241,11,645911,455,0,0,0,28,534,0,0,0,0,0,0,0,0,0
glyco_Fluc_spike	6	A	671387,670457,257,99,38,0,0,536,48,530,0,0,0,0,0,0,0,0,0
glyco_Fluc_spike	7	G	679911,549,49,678629,151,0,0,533,50,191,0,0,0,0,0,0,0,0,0
glyco_Fluc_spike	8	C	683749,29,682858,35,805,0,0,22,0,53,0,0,0,0,0,0,0,0,0
glyco_Fluc_spike	9	C	774213,95,772888,28,1170,0,0,32,190,852,0,0,0,0,0,0,0,0,0
glyco_Fluc_spike	10	G	789459,797,196,787935,475,0,0,56,14,196,0,0,0,0,0,0,0,0,0
glyco_Fluc_spike	11	G	792378,779,330,791085,144,0,0,40,42,586,0,0,0,0,0,0,0,0,0
glyco_Fluc_spike	12	C	797582,63,796168,62,746,0,0,543,1200,886,0,0,0,0,0,0,0,0,0
glyco_Fluc_spike	13	G	797040,1056,307,794150,644,0,0,883,383,1678,0,0,0,0,0,0,0,0,0
glyco_Fluc_spike	14	C	800645,39,799209,87,1268,0,0,42,12,77,0,0,0,0,0,0,0,0,0
glyco_Fluc_spike	15	C	815084,48,813881,40,1034,0,0,81,48,596,0,0,0,0,0,0,0,0,0
glyco_Fluc_spike	16	A	826272,824455,56,290,825,0,0,646,119,848,0,0,0,0,0,0,0,0,0
glyco_Fluc_spike	17	T	829912,12,258,40,829452,0,0,150,1,47,0,0,0,0,0,0,0,0,0
glyco_Fluc_spike	18	T	830865,21,345,52,830412,0,0,35,20,87,0,0,0,0,0,0,0,0,0
glyco_Fluc_spike	19	C	833888,132,833350,28,286,0,0,92,24,410,0,0,0,0,0,0,0,0,0
glyco_Fluc_spike	20	T	833981,20,275,87,833249,0,0,350,27,176,0,0,0,0,0,0,0,0,0
glyco_Fluc_spike	21	A	831951,830971,157,218,418,0,0,187,37,189,0,0,0,0,0,0,0,0,0
glyco_Fluc_spike	22	T	837039,28,375,33,836465,0,0,138,51,218,0,0,0,0,0,0,0,0,0
glyco_Fluc_spike	23	C	836779,39,836135,33,534,0,0,38,4,7348,0,0,0,0,0,0,0,0,0
glyco_Fluc_spike	24	C	830160,67,829684,15,363,0,0,31,38,408,0,0,0,0,0,0,0,0,0
glyco_Fluc_spike	25	T	830211,8,721,32,829044,0,0,406,299,187,0,0,0,0,0,0,0,0,0
glyco_Fluc_spike	26	C	828456,74,827271,22,894,0,0,195,40,1114,0,0,0,0,0,0,0,0,0
glyco_Fluc_spike	27	T	832335,39,345,9,830807,0,0,1135,62,2313,0,0,0,0,0,0,0,0,0
glyco_Fluc_spike	28	A	834422,831271,232,218,612,0,0,2089,410,212,0,0,0,0,0,0,0,0,0
glyco_Fluc_spike	29	G	837898,508,393,836206,607,0,0,184,85,778,0,0,0,0,0,0,0,0,0
glyco_Fluc_spike	30	A	837178,835890,57,258,190,0,0,783,246,1515,0,0,0,0,0,0,0,0,0
glyco_Fluc_spike	31	G	836720,1452,151,834628,481,0,0,8,22,157,0,0,0,0,0,0,0,0,0
glyco_Fluc_spike	32	G	836751,449,103,835937,221,0,0,41,41,302,0,0,0,0,0,0,0,0,0
glyco_Fluc_spike	33	A	836741,835534,64,235,571,0,0,337,48,123,0,0,0,0,0,0,0,0,0
glyco_Fluc_spike	34	T	840557,104,371,485,839359,0,0,238,516,274,0,0,0,0,0,0,0,0,0
glyco_Fluc_spike	35	G	837555,2353,176,834483,531,0,0,12,2,7,0,0,0,0,0,0,0,0,0
glyco_Fluc_spike	36	G	837864,641,96,836706,404,0,0,17,418,598,0,0,0,0,0,0,0,0,0
glyco_Fluc_spike	37	A	837409,836806,97,367,126,0,0,13,2,8,0,0,0,0,0,0,0,0,0
glyco_Fluc_spike	38	A	837955,837161,141,234,404,0,0,15,422,824,0,0,0,0,0,0,0,0,0
glyco_Fluc_spike	39	C	841264,97,839425,72,1654,0,0,16,0,210,0,0,0,0,0,0,0,0,0
glyco_Fluc_spike	40	C	840291,70,839062,55,1096,0,0,8,297,346,0,0,0,0,0,0,0,0,0
glyco_Fluc_spike	41	G	838029,3561,575,833300,254,0,0,339,31,82,0,0,0,0,0,0,0,0,0
glyco_Fluc_spike	42	C	840014,60,839548,18,306,0,0,82,61,218,0,0,0,0,0,0,0,0,0
glyco_Fluc_spike	43	T	839872,28,294,54,839248,0,0,248,188,148,0,0,0,0,0,0,0,0,0
glyco_Fluc_spike	44	G	837129,3114,121,833669,225,0,0,0,1,0,0,0,0,0,0,0,0,0,0
glyco_Fluc_spike	45	G	836329,3092,60,833042,135,0,0,0,11,17,0,0,0,0,0,0,0,0,0
glyco_Fluc_spike	46	C	841230,40,840962,23,188,0,0,17,7,5,0,0,0,0,0,0,0,0,0
glyco_Fluc_spike	47	T	836907,1,40,5,836856,0,0,5,1,0,0,0,0,0,0,0,0,0,0
glyco_Fluc_spike	48	G	827386,81,12,827257,36,0,0,0,0,0,0,0,0,0,0,0,0,0,0
glyco_Fluc_spike	49	G	792884,1,0,792882,1,0,0,0,0,0,0,0,0,0,0,0,0,0,0
glyco_Fluc_spike	50	T	56602,0,0,0,56602,0,0,0,0,0,0,0,0,0,0,0,0,0,0
glyco_Fluc_spike	51	T	51922,0,0,0,51922,0,0,0,0,0,0,0,0,0,0,0,0,0,0
