chr	pos	ref_base	depth,A,C,G,T,N,Skip,Gap,Insert,Delete,,a,c,g,t,n,skip,gap,insert,delete
Fluc_spike	1	G	3082935,0,0,3082935,0,0,0,0,0,0,0,0,0,0,0,0,0,0,0
Fluc_spike	2	G	3378260,0,0,3378260,0,0,0,0,0,0,0,0,0,0,0,0,0,0,0
Fluc_spike	3	G	3483087,0,0,3483087,0,0,0,0,0,0,0,0,0,0,0,0,0,0,0
Fluc_spike	4	A	3916590,3916084,354,138,14,0,0,0,0,0,0,0,0,0,0,0,0,0,0
Fluc_spike	5	A	3943323,3941373,752,1088,110,0,0,0,202,6321,0,0,0,0,0,0,0,0,0
Fluc_spike	6	C	3975977,255,3974652,46,1023,0,0,1,1,18,0,0,0,0,0,0,0,0,0
Fluc_spike	7	C	3977233,294,3975483,167,1271,0,0,18,117,2471,0,0,0,0,0,0,0,0,0
Fluc_spike	8	A	3958850,3953118,1962,1207,80,0,0,2483,82,1163,0,0,0,0,0,0,0,0,0
Fluc_spike	9	G	3970626,2205,322,3964119,2747,0,0,1233,2867,1682,0,0,0,0,0,0,0,0,0
Fluc_spike	10	C	3982034,512,3979414,144,1935,0,0,29,9,64,0,0,0,0,0,0,0,0,0
Fluc_spike	11	C	3981381,614,3979024,171,1537,0,0,35,418,5432,0,0,0,0,0,0,0,0,0
Fluc_spike	12	G	3971031,2068,911,3963343,1039,0,0,3670,12,333,0,0,0,0,0,0,0,0,0
Fluc_spike	13	G	3972787,1233,519,3966288,1088,0,0,3659,563,851,0,0,0,0,0,0,0,0,0
Fluc_spike	14	C	3990684,549,3986680,226,2431,0,0,798,393,1334,0,0,0,0,0,0,0,0,0
Fluc_spike	15	G	3983413,2459,774,3976217,2621,0,0,1342,283,5820,0,0,0,0,0,0,0,0,0
Fluc_spike	16	C	3994987,608,3992262,203,1737,0,0,177,7,184,0,0,0,0,0,0,0,0,0
Fluc_spike	17	C	3998039,471,3995053,192,2005,0,0,318,247,1739,0,0,0,0,0,0,0,0,0
Fluc_spike	18	A	3991345,3986785,882,1122,606,0,0,1950,473,2117,0,0,0,0,0,0,0,0,0
Fluc_spike	19	T	3990910,145,1706,46,3988780,0,0,233,18,163,0,0,0,0,0,0,0,0,0
Fluc_spike	20	T	3995433,165,2132,48,3992986,0,0,102,159,1445,0,0,0,0,0,0,0,0,0
Fluc_spike	21	C	4001086,700,3997529,128,1275,0,0,1454,154,689,0,0,0,0,0,0,0,0,0
Fluc_spike	22	T	3998749,193,2123,77,3995704,0,0,652,403,174,0,0,0,0,0,0,0,0,0
Fluc_spike	23	A	3982369,3979675,994,1113,412,0,0,175,164,64,0,0,0,0,0,0,0,0,0
Fluc_spike	24	T	4000611,245,1408,20,3998880,0,0,58,6,235,0,0,0,0,0,0,0,0,0
Fluc_spike	25	C	4002602,333,4001296,59,901,0,0,13,1,447,0,0,0,0,0,0,0,0,0
Fluc_spike	26	C	3999355,917,3997488,132,813,0,0,5,2,79,0,0,0,0,0,0,0,0,0
Fluc_spike	27	T	3996818,194,2247,62,3994238,0,0,77,71,53,0,0,0,0,0,0,0,0,0
Fluc_spike	28	C	3972631,829,3970607,134,1006,0,0,55,2,144,0,0,0,0,0,0,0,0,0
Fluc_spike	29	T	3995838,328,1400,98,3993870,0,0,142,4,768,0,0,0,0,0,0,0,0,0
Fluc_spike	30	A	3979577,3976949,858,1212,343,0,0,215,8,65,0,0,0,0,0,0,0,0,0
Fluc_spike	31	G	3984103,892,522,3977548,5077,0,0,64,73,90,0,0,0,0,0,0,0,0,0
Fluc_spike	32	A	3986442,3984533,288,1375,154,0,0,92,12,209,0,0,0,0,0,0,0,0,0
Fluc_spike	33	G	3989419,916,102,3987151,1227,0,0,23,1,28,0,0,0,0,0,0,0,0,0
Fluc_spike	34	G	3987173,1257,69,3984879,933,0,0,35,27,57,0,0,0,0,0,0,0,0,0
Fluc_spike	35	A	3990194,3988408,311,1132,271,0,0,72,5,23,0,0,0,0,0,0,0,0,0
Fluc_spike	36	T	4001408,304,1356,158,3999559,0,0,31,19,119,0,0,0,0,0,0,0,0,0
Fluc_spike	37	G	3989290,4059,109,3984182,932,0,0,8,0,0,0,0,0,0,0,0,0,0,0
Fluc_spike	38	G	3990249,1188,140,3987793,1122,0,0,6,24,161,0,0,0,0,0,0,0,0,0
Fluc_spike	39	A	3989616,3987013,275,2152,172,0,0,4,0,0,0,0,0,0,0,0,0,0,0
Fluc_spike	40	A	3992685,3991054,220,1265,143,0,0,3,422,118,0,0,0,0,0,0,0,0,0
Fluc_spike	41	C	4008200,572,4004889,109,2610,0,0,20,13,27,0,0,0,0,0,0,0,0,0
Fluc_spike	42	C	4007728,501,4004435,1567,1207,0,0,18,238,104,0,0,0,0,0,0,0,0,0
Fluc_spike	43	G	3980029,2227,235,3976300,1150,0,0,117,1,21,0,0,0,0,0,0,0,0,0
Fluc_spike	44	C	4000091,335,3999144,67,506,0,0,39,0,39,0,0,0,0,0,0,0,0,0
Fluc_spike	45	T	3986868,216,2050,147,3984406,0,0,49,2,239,0,0,0,0,0,0,0,0,0
Fluc_spike	46	G	3973038,1084,148,3970611,1184,0,0,11,6,24,0,0,0,0,0,0,0,0,0
Fluc_spike	47	G	3974967,1058,347,3969764,3788,0,0,10,3,48,0,0,0,0,0,0,0,0,0
Fluc_spike	48	A	3984047,3981752,154,1708,386,0,0,47,3,4,0,0,0,0,0,0,0,0,0
Fluc_spike	49	G	3968858,963,258,3964837,2791,0,0,9,8,39,0,0,0,0,0,0,0,0,0
Fluc_spike	50	A	3977565,3974891,694,1750,188,0,0,42,2,60,0,0,0,0,0,0,0,0,0
Fluc_spike	51	G	3967020,1111,253,3963479,2119,0,0,58,151,86,0,0,0,0,0,0,0,0,0
Fluc_spike	52	C	3998299,666,3995618,150,1813,0,0,52,41,542,0,0,0,0,0,0,0,0,0
Fluc_spike	53	A	3988554,3986356,258,1623,296,0,0,21,1,13,0,0,0,0,0,0,0,0,0
Fluc_spike	54	A	3981288,3979608,215,1129,303,0,0,33,1,14,0,0,0,0,0,0,0,0,0
Fluc_spike	55	C	3999523,589,3997704,105,1097,0,0,28,0,48,0,0,0,0,0,0,0,0,0
Fluc_spike	56	T	3987046,330,1956,198,3984512,0,0,50,1,56,0,0,0,0,0,0,0,0,0
Fluc_spike	57	G	3977128,2015,420,3973128,1501,0,0,64,0,15,0,0,0,0,0,0,0,0,0
Fluc_spike	58	C	3997345,668,3995350,135,1173,0,0,19,3,153,0,0,0,0,0,0,0,0,0
Fluc_spike	59	A	3984320,3982255,361,1319,286,0,0,99,31,65,0,0,0,0,0,0,0,0,0
Fluc_spike	60	T	3992596,426,1126,36,3990943,0,0,65,18,461,0,0,0,0,0,0,0,0,0
Fluc_spike	61	A	3984943,3983201,122,1458,127,0,0,35,2,0,0,0,0,0,0,0,0,0,0
Fluc_spike	62	A	3990637,3988843,193,1242,324,0,0,35,89,115,0,0,0,0,0,0,0,0,0
Fluc_spike	63	G	3991707,870,107,3989258,1462,0,0,10,0,4,0,0,0,0,0,0,0,0,0
Fluc_spike	64	G	3985568,1143,196,3982929,1295,0,0,5,2,38,0,0,0,0,0,0,0,0,0
Fluc_spike	65	C	4001928,633,4000081,169,1000,0,0,45,5,102,0,0,0,0,0,0,0,0,0
Fluc_spike	66	T	3988858,213,1667,108,3986827,0,0,43,0,67,0,0,0,0,0,0,0,0,0
Fluc_spike	67	A	3980709,3978938,383,1067,267,0,0,54,1,42,0,0,0,0,0,0,0,0,0
Fluc_spike	68	T	3993542,387,1494,84,3991530,0,0,47,1,86,0,0,0,0,0,0,0,0,0
Fluc_spike	69	G	3983345,1448,201,3979645,1944,0,0,107,12,252,0,0,0,0,0,0,0,0,0
Fluc_spike	70	A	3991604,3989236,239,1808,309,0,0,12,14,338,0,0,0,0,0,0,0,0,0
Fluc_spike	71	A	3990356,3987928,353,1630,438,0,0,7,6,67,0,0,0,0,0,0,0,0,0
Fluc_spike	72	G	3985405,1233,102,3982046,1950,0,0,74,111,61,0,0,0,0,0,0,0,0,0
Fluc_spike	73	A	3983385,3981254,187,1594,286,0,0,64,2,96,0,0,0,0,0,0,0,0,0
Fluc_spike	74	G	3988607,1101,227,3985065,2116,0,0,98,46,75,0,0,0,0,0,0,0,0,0
Fluc_spike	75	A	3979790,3977984,222,1354,196,0,0,34,42,62,0,0,0,0,0,0,0,0,0
Fluc_spike	76	T	3997168,403,1238,48,3995417,0,0,62,22,207,0,0,0,0,0,0,0,0,0
Fluc_spike	77	A	3985213,3982798,750,1240,219,0,0,206,40,56,0,0,0,0,0,0,0,0,0
Fluc_spike	78	C	3992229,960,3988871,199,2039,0,0,160,5,142,0,0,0,0,0,0,0,0,0
Fluc_spike	79	G	3981077,1522,1128,3976946,1338,0,0,143,31,372,0,0,0,0,0,0,0,0,0
Fluc_spike	80	C	3987904,500,3986528,91,785,0,0,0,0,0,0,0,0,0,0,0,0,0,0
Fluc_spike	81	C	3989623,733,3987560,89,1241,0,0,0,1,1,0,0,0,0,0,0,0,0,0
Fluc_spike	82	C	3986084,1709,3983276,189,909,0,0,1,12,74,0,0,0,0,0,0,0,0,0
Fluc_spike	83	T	3986849,227,1303,152,3985092,0,0,75,4,64,0,0,0,0,0,0,0,0,0
Fluc_spike	84	G	3957362,379,20,3956795,168,0,0,0,0,0,0,0,0,0,0,0,0,0,0
Fluc_spike	85	G	3956411,146,40,3956158,67,0,0,0,0,0,0,0,0,0,0,0,0,0,0
Fluc_spike	86	T	3615438,11,92,4,3615331,0,0,0,0,0,0,0,0,0,0,0,0,0,0
Fluc_spike	87	T	581739,2,13,2,581722,0,0,0,0,0,0,0,0,0,0,0,0,0,0
Fluc_spike	88	C	254436,0,254436,0,0,0,0,0,0,0,0,0,0,0,0,0,0,0,0
Fluc_spike	89	C	138844,0,138844,0,0,0,0,0,0,0,0,0,0,0,0,0,0,0,0
glyco_Fluc_spike	1	G	240013,0,0,240013,0,0,0,0,0,0,0,0,0,0,0,0,0,0,0
glyco_Fluc_spike	2	A	311690,311690,0,0,0,0,0,0,0,0,0,0,0,0,0,0,0,0,0
glyco_Fluc_spike	3	A	317408,317408,0,0,0,0,0,0,0,0,0,0,0,0,0,0,0,0,0
glyco_Fluc_spike	4	C	322453,1,322449,0,3,0,0,0,17,0,0,0,0,0,0,0,0,0,0
glyco_Fluc_spike	5	G	367500,133,11,367065,291,0,0,0,10,341,0,0,0,0,0,0,0,0,0
glyco_Fluc_spike	6	A	383315,382753,136,70,15,0,0,341,35,306,0,0,0,0,0,0,0,0,0
glyco_Fluc_spike	7	G	388459,315,33,387709,97,0,0,305,37,102,0,0,0,0,0,0,0,0,0
glyco_Fluc_spike	8	C	390790,15,390237,16,508,0,0,14,0,32,0,0,0,0,0,0,0,0,0
glyco_Fluc_spike	9	C	445955,76,445195,18,646,0,0,20,110,433,0,0,0,0,0,0,0,0,0
glyco_Fluc_spike	10	G	455466,437,118,454625,253,0,0,33,14,88,0,0,0,0,0,0,0,0,0
glyco_Fluc_spike	11	G	457156,457,218,456371,86,0,0,24,16,340,0,0,0,0,0,0,0,0,0
glyco_Fluc_spike	12	C	460073,38,459214,40,465,0,0,316,645,494,0,0,0,0,0,0,0,0,0
glyco_Fluc_spike	13	G	459957,602,166,458310,390,0,0,489,255,945,0,0,0,0,0,0,0,0,0
glyco_Fluc_spike	14	C	462079,26,461239,41,739,0,0,34,8,31,0,0,0,0,0,0,0,0,0
glyco_Fluc_spike	15	C	470594,38,469836,24,644,0,0,52,28,316,0,0,0,0,0,0,0,0,0
glyco_Fluc_spike	16	A	476728,475657,31,178,524,0,0,338,84,556,0,0,0,0,0,0,0,0,0
glyco_Fluc_spike	17	T	478811,11,174,26,478531,0,0,69,0,23,0,0,0,0,0,0,0,0,0
glyco_Fluc_spike	18	T	479282,15,201,26,479018,0,0,22,10,41,0,0,0,0,0,0,0,0,0
glyco_Fluc_spike	19	C	481162,86,480865,9,155,0,0,47,16,221,0,0,0,0,0,0,0,0,0
glyco_Fluc_spike	20	T	481254,12,151,46,480847,0,0,198,21,100,0,0,0,0,0,0,0,0,0
glyco_Fluc_spike	21	A	480163,479607,91,120,238,0,0,107,16,110,0,0,0,0,0,0,0,0,0
glyco_Fluc_spike	22	T	483013,13,244,20,482660,0,0,76,40,133,0,0,0,0,0,0,0,0,0
glyco_Fluc_spike	23	C	482884,19,482507,9,331,0,0,18,3,3453,0,0,0,0,0,0,0,0,0
glyco_Fluc_spike	24	C	479782,57,479507,16,185,0,0,17,18,203,0,0,0,0,0,0,0,0,0
glyco_Fluc_spike	25	T	479846,6,437,26,479173,0,0,204,159,92,0,0,0,0,0,0,0,0,0
glyco_Fluc_spike	26	C	478496,47,477778,15,557,0,0,99,19,669,0,0,0,0,0,0,0,0,0
glyco_Fluc_spike	27	T	481018,17,183,7,480141,0,0,670,35,1331,0,0,0,0,0,0,0,0,0
glyco_Fluc_spike	28	A	481511,479666,145,117,374,0,0,1209,227,102,0,0,0,0,0,0,0,0,0
glyco_Fluc_spike	29	G	483519,326,211,482349,537,0,0,96,40,430,0,0,0,0,0,0,0,0,0
glyco_Fluc_spike	30	A	483067,482325,31,152,127,0,0,432,116,934,0,0,0,0,0,0,0,0,0
glyco_Fluc_spike	31	G	482896,796,94,481719,281,0,0,6,17,61,0,0,0,0,0,0,0,0,0
glyco_Fluc_spike	32	G	482888,281,65,482390,135,0,0,17,18,149,0,0,0,0,0,0,0,0,0
glyco_Fluc_spike	33	A	482762,482050,25,157,370,0,0,160,32,90,0,0,0,0,0,0,0,0,0
glyco_Fluc_spike	34	T	485106,52,213,251,484448,0,0,142,297,154,0,0,0,0,0,0,0,0,0
glyco_Fluc_spike	35	G	483387,1319,113,481636,309,0,0,10,1,2,0,0,0,0,0,0,0,0,0
glyco_Fluc_spike	36	G	483491,362,52,482845,224,0,0,8,266,389,0,0,0,0,0,0,0,0,0
glyco_Fluc_spike	37	A	483195,482827,56,228,73,0,0,11,4,4,0,0,0,0,0,0,0,0,0
glyco_Fluc_spike	38	A	483371,482905,78,135,240,0,0,13,289,490,0,0,0,0,0,0,0,0,0
glyco_Fluc_spike	39	C	485371,43,484292,42,986,0,0,8,1,119,0,0,0,0,0,0,0,0,0
glyco_Fluc_spike	40	C	484943,62,484221,35,621,0,0,4,191,198,0,0,0,0,0,0,0,0,0
glyco_Fluc_spike	41	G	483628,2107,366,480804,152,0,0,199,21,43,0,0,0,0,0,0,0,0,0
glyco_Fluc_spike	42	C	484969,37,484707,1,184,0,0,40,39,135,0,0,0,0,0,0,0,0,0
glyco_Fluc_spike	43	T	484721,20,183,17,484353,0,0,148,99,101,0,0,0,0,0,0,0,0,0
glyco_Fluc_spike	44	G	483116,1846,96,481019,154,0,0,1,0,0,0,0,0,0,0,0,0,0,0
glyco_Fluc_spike	45	G	482630,1761,30,480736,102,0,0,1,3,7,0,0,0,0,0,0,0,0,0
glyco_Fluc_spike	46	C	485460,29,485285,20,119,0,0,7,8,4,0,0,0,0,0,0,0,0,0
glyco_Fluc_spike	47	T	482996,0,26,2,482964,0,0,4,0,0,0,0,0,0,0,0,0,0,0
glyco_Fluc_spike	48	G	477441,38,5,477385,13,0,0,0,0,0,0,0,0,0,0,0,0,0,0
glyco_Fluc_spike	49	G	457788,0,0,457786,2,0,0,0,0,0,0,0,0,0,0,0,0,0,0
glyco_Fluc_spike	50	T	28262,0,0,0,28262,0,0,0,0,0,0,0,0,0,0,0,0,0,0
glyco_Fluc_spike	51	T	26390,0,0,0,26390,0,0,0,0,0,0,0,0,0,0,0,0,0,0
