chr	pos	ref_base	depth,A,C,G,T,N,Skip,Gap,Insert,Delete,,a,c,g,t,n,skip,gap,insert,delete
Fluc_spike	1	G	15,0,0,15,0,0,0,0,0,0,0,0,0,0,0,0,0,0,0
Fluc_spike	2	G	16,0,0,16,0,0,0,0,0,0,0,0,0,0,0,0,0,0,0
Fluc_spike	3	G	17,0,0,17,0,0,0,0,0,0,0,0,0,0,0,0,0,0,0
Fluc_spike	4	A	19,19,0,0,0,0,0,0,0,0,0,0,0,0,0,0,0,0,0
Fluc_spike	5	A	19,19,0,0,0,0,0,0,0,0,0,0,0,0,0,0,0,0,0
Fluc_spike	6	C	19,0,19,0,0,0,0,0,0,0,0,0,0,0,0,0,0,0,0
Fluc_spike	7	C	19,0,19,0,0,0,0,0,0,0,0,0,0,0,0,0,0,0,0
Fluc_spike	8	A	19,19,0,0,0,0,0,0,0,0,0,0,0,0,0,0,0,0,0
Fluc_spike	9	G	19,0,0,19,0,0,0,0,0,0,0,0,0,0,0,0,0,0,0
Fluc_spike	10	C	19,0,19,0,0,0,0,0,0,0,0,0,0,0,0,0,0,0,0
Fluc_spike	11	C	19,0,19,0,0,0,0,0,0,0,0,0,0,0,0,0,0,0,0
Fluc_spike	12	G	19,0,0,19,0,0,0,0,0,0,0,0,0,0,0,0,0,0,0
Fluc_spike	13	G	19,0,0,19,0,0,0,0,0,0,0,0,0,0,0,0,0,0,0
Fluc_spike	14	C	19,0,19,0,0,0,0,0,0,0,0,0,0,0,0,0,0,0,0
Fluc_spike	15	G	19,0,0,19,0,0,0,0,0,0,0,0,0,0,0,0,0,0,0
Fluc_spike	16	C	19,0,19,0,0,0,0,0,0,0,0,0,0,0,0,0,0,0,0
Fluc_spike	17	C	19,0,19,0,0,0,0,0,0,0,0,0,0,0,0,0,0,0,0
Fluc_spike	18	A	19,19,0,0,0,0,0,0,0,0,0,0,0,0,0,0,0,0,0
Fluc_spike	19	T	19,0,0,0,19,0,0,0,0,0,0,0,0,0,0,0,0,0,0
Fluc_spike	20	T	19,0,0,0,19,0,0,0,0,0,0,0,0,0,0,0,0,0,0
Fluc_spike	21	C	19,0,19,0,0,0,0,0,0,0,0,0,0,0,0,0,0,0,0
Fluc_spike	22	T	19,0,0,0,19,0,0,0,0,0,0,0,0,0,0,0,0,0,0
Fluc_spike	23	A	19,19,0,0,0,0,0,0,0,0,0,0,0,0,0,0,0,0,0
Fluc_spike	24	T	19,0,0,0,19,0,0,0,0,0,0,0,0,0,0,0,0,0,0
Fluc_spike	25	C	19,0,19,0,0,0,0,0,0,0,0,0,0,0,0,0,0,0,0
Fluc_spike	26	C	19,0,19,0,0,0,0,0,0,0,0,0,0,0,0,0,0,0,0
Fluc_spike	27	T	19,0,0,0,19,0,0,0,0,0,0,0,0,0,0,0,0,0,0
Fluc_spike	28	C	19,0,19,0,0,0,0,0,0,0,0,0,0,0,0,0,0,0,0
Fluc_spike	29	T	19,0,0,0,19,0,0,0,0,0,0,0,0,0,0,0,0,0,0
Fluc_spike	30	A	19,19,0,0,0,0,0,0,0,0,0,0,0,0,0,0,0,0,0
Fluc_spike	31	G	19,1,0,18,0,0,0,0,0,0,0,0,0,0,0,0,0,0,0
Fluc_spike	32	A	19,19,0,0,0,0,0,0,0,0,0,0,0,0,0,0,0,0,0
Fluc_spike	33	G	19,0,0,19,0,0,0,0,0,0,0,0,0,0,0,0,0,0,0
Fluc_spike	34	G	19,0,0,19,0,0,0,0,0,0,0,0,0,0,0,0,0,0,0
Fluc_spike	35	A	19,19,0,0,0,0,0,0,0,0,0,0,0,0,0,0,0,0,0
Fluc_spike	36	T	19,0,0,0,19,0,0,0,0,0,0,0,0,0,0,0,0,0,0
Fluc_spike	37	G	19,0,0,19,0,0,0,0,0,0,0,0,0,0,0,0,0,0,0
Fluc_spike	38	G	19,0,0,19,0,0,0,0,0,0,0,0,0,0,0,0,0,0,0
Fluc_spike	39	A	19,19,0,0,0,0,0,0,0,0,0,0,0,0,0,0,0,0,0
Fluc_spike	40	A	19,19,0,0,0,0,0,0,0,0,0,0,0,0,0,0,0,0,0
Fluc_spike	41	C	19,0,19,0,0,0,0,0,0,0,0,0,0,0,0,0,0,0,0
Fluc_spike	42	C	19,0,19,0,0,0,0,0,0,0,0,0,0,0,0,0,0,0,0
Fluc_spike	43	G	19,0,0,19,0,0,0,0,0,0,0,0,0,0,0,0,0,0,0
Fluc_spike	44	C	20,0,20,0,0,0,0,0,0,0,0,0,0,0,0,0,0,0,0
Fluc_spike	45	T	20,0,0,0,20,0,0,0,0,0,0,0,0,0,0,0,0,0,0
Fluc_spike	46	G	19,0,0,19,0,0,0,0,0,0,0,0,0,0,0,0,0,0,0
Fluc_spike	47	G	19,0,0,19,0,0,0,0,0,0,0,0,0,0,0,0,0,0,0
Fluc_spike	48	A	19,19,0,0,0,0,0,0,0,0,0,0,0,0,0,0,0,0,0
Fluc_spike	49	G	19,0,0,19,0,0,0,0,0,0,0,0,0,0,0,0,0,0,0
Fluc_spike	50	A	19,19,0,0,0,0,0,0,0,0,0,0,0,0,0,0,0,0,0
Fluc_spike	51	G	19,0,0,19,0,0,0,0,0,0,0,0,0,0,0,0,0,0,0
Fluc_spike	52	C	20,0,20,0,0,0,0,0,0,0,0,0,0,0,0,0,0,0,0
Fluc_spike	53	A	19,19,0,0,0,0,0,0,0,0,0,0,0,0,0,0,0,0,0
Fluc_spike	54	A	20,20,0,0,0,0,0,0,0,0,0,0,0,0,0,0,0,0,0
Fluc_spike	55	C	20,0,20,0,0,0,0,0,0,0,0,0,0,0,0,0,0,0,0
Fluc_spike	56	T	19,0,0,0,19,0,0,0,0,0,0,0,0,0,0,0,0,0,0
Fluc_spike	57	G	19,0,0,19,0,0,0,0,0,0,0,0,0,0,0,0,0,0,0
Fluc_spike	58	C	19,0,19,0,0,0,0,0,0,0,0,0,0,0,0,0,0,0,0
Fluc_spike	59	A	19,19,0,0,0,0,0,0,0,0,0,0,0,0,0,0,0,0,0
Fluc_spike	60	T	20,0,0,0,20,0,0,0,0,0,0,0,0,0,0,0,0,0,0
Fluc_spike	61	A	19,19,0,0,0,0,0,0,0,0,0,0,0,0,0,0,0,0,0
Fluc_spike	62	A	19,19,0,0,0,0,0,0,0,0,0,0,0,0,0,0,0,0,0
Fluc_spike	63	G	19,0,0,19,0,0,0,0,0,0,0,0,0,0,0,0,0,0,0
Fluc_spike	64	G	19,0,0,19,0,0,0,0,0,0,0,0,0,0,0,0,0,0,0
Fluc_spike	65	C	20,0,20,0,0,0,0,0,0,0,0,0,0,0,0,0,0,0,0
Fluc_spike	66	T	20,0,0,0,20,0,0,0,0,0,0,0,0,0,0,0,0,0,0
Fluc_spike	67	A	20,20,0,0,0,0,0,0,0,0,0,0,0,0,0,0,0,0,0
Fluc_spike	68	T	19,0,0,0,19,0,0,0,0,0,0,0,0,0,0,0,0,0,0
Fluc_spike	69	G	19,0,0,19,0,0,0,0,0,0,0,0,0,0,0,0,0,0,0
Fluc_spike	70	A	20,20,0,0,0,0,0,0,0,0,0,0,0,0,0,0,0,0,0
Fluc_spike	71	A	20,20,0,0,0,0,0,0,0,0,0,0,0,0,0,0,0,0,0
Fluc_spike	72	G	19,0,0,19,0,0,0,0,0,0,0,0,0,0,0,0,0,0,0
Fluc_spike	73	A	19,19,0,0,0,0,0,0,0,0,0,0,0,0,0,0,0,0,0
Fluc_spike	74	G	20,0,0,20,0,0,0,0,0,0,0,0,0,0,0,0,0,0,0
Fluc_spike	75	A	19,19,0,0,0,0,0,0,0,0,0,0,0,0,0,0,0,0,0
Fluc_spike	76	T	20,0,0,0,20,0,0,0,0,0,0,0,0,0,0,0,0,0,0
Fluc_spike	77	A	19,19,0,0,0,0,0,0,0,0,0,0,0,0,0,0,0,0,0
Fluc_spike	78	C	19,0,19,0,0,0,0,0,0,0,0,0,0,0,0,0,0,0,0
Fluc_spike	79	G	20,0,0,20,0,0,0,0,0,0,0,0,0,0,0,0,0,0,0
Fluc_spike	80	C	20,0,20,0,0,0,0,0,0,0,0,0,0,0,0,0,0,0,0
Fluc_spike	81	C	20,0,20,0,0,0,0,0,0,0,0,0,0,0,0,0,0,0,0
Fluc_spike	82	C	19,0,19,0,0,0,0,0,0,0,0,0,0,0,0,0,0,0,0
Fluc_spike	83	T	20,0,0,0,20,0,0,0,0,0,0,0,0,0,0,0,0,0,0
Fluc_spike	84	G	20,0,0,20,0,0,0,0,0,0,0,0,0,0,0,0,0,0,0
Fluc_spike	85	G	20,0,0,20,0,0,0,0,0,0,0,0,0,0,0,0,0,0,0
Fluc_spike	86	T	18,0,0,0,18,0,0,0,0,0,0,0,0,0,0,0,0,0,0
Fluc_spike	87	T	2,0,0,0,2,0,0,0,0,0,0,0,0,0,0,0,0,0,0
Fluc_spike	88	C	1,0,1,0,0,0,0,0,0,0,0,0,0,0,0,0,0,0,0
glyco_Fluc_spike	1	G	1396,0,0,1396,0,0,0,0,0,0,0,0,0,0,0,0,0,0,0
glyco_Fluc_spike	2	A	1561,1561,0,0,0,0,0,0,0,0,0,0,0,0,0,0,0,0,0
glyco_Fluc_spike	3	A	1593,1593,0,0,0,0,0,0,0,0,0,0,0,0,0,0,0,0,0
glyco_Fluc_spike	4	C	1643,0,1643,0,0,0,0,0,1,0,0,0,0,0,0,0,0,0,0
glyco_Fluc_spike	5	G	3212,2,0,3210,0,0,0,0,0,0,0,0,0,0,0,0,0,0,0
glyco_Fluc_spike	6	A	3356,3355,1,0,0,0,0,0,1,3,0,0,0,0,0,0,0,0,0
glyco_Fluc_spike	7	G	3378,3,0,3372,0,0,0,3,1,0,0,0,0,0,0,0,0,0,0
glyco_Fluc_spike	8	C	3407,0,3405,0,2,0,0,0,0,0,0,0,0,0,0,0,0,0,0
glyco_Fluc_spike	9	C	3507,1,3497,0,9,0,0,0,2,3,0,0,0,0,0,0,0,0,0
glyco_Fluc_spike	10	G	3508,5,0,3502,1,0,0,0,0,0,0,0,0,0,0,0,0,0,0
glyco_Fluc_spike	11	G	3517,4,0,3512,1,0,0,0,0,2,0,0,0,0,0,0,0,0,0
glyco_Fluc_spike	12	C	3530,0,3525,0,3,0,0,2,2,0,0,0,0,0,0,0,0,0,0
glyco_Fluc_spike	13	G	3537,4,0,3532,1,0,0,0,2,6,0,0,0,0,0,0,0,0,0
glyco_Fluc_spike	14	C	3548,0,3536,0,12,0,0,0,0,0,0,0,0,0,0,0,0,0,0
glyco_Fluc_spike	15	C	3555,0,3552,1,2,0,0,0,0,3,0,0,0,0,0,0,0,0,0
glyco_Fluc_spike	16	A	3578,3569,0,0,6,0,0,3,1,1,0,0,0,0,0,0,0,0,0
glyco_Fluc_spike	17	T	3593,0,2,1,3590,0,0,0,0,0,0,0,0,0,0,0,0,0,0
glyco_Fluc_spike	18	T	3595,0,1,0,3594,0,0,0,0,0,0,0,0,0,0,0,0,0,0
glyco_Fluc_spike	19	C	3602,0,3602,0,0,0,0,0,0,0,0,0,0,0,0,0,0,0,0
glyco_Fluc_spike	20	T	3603,0,0,0,3603,0,0,0,0,1,0,0,0,0,0,0,0,0,0
glyco_Fluc_spike	21	A	3572,3569,0,1,1,0,0,1,0,0,0,0,0,0,0,0,0,0,0
glyco_Fluc_spike	22	T	3609,0,0,0,3609,0,0,0,0,0,0,0,0,0,0,0,0,0,0
glyco_Fluc_spike	23	C	3606,0,3605,0,1,0,0,0,0,29,0,0,0,0,0,0,0,0,0
glyco_Fluc_spike	24	C	3578,0,3576,0,2,0,0,0,0,3,0,0,0,0,0,0,0,0,0
glyco_Fluc_spike	25	T	3578,0,0,0,3575,0,0,3,0,0,0,0,0,0,0,0,0,0,0
glyco_Fluc_spike	26	C	3572,0,3566,0,6,0,0,0,0,1,0,0,0,0,0,0,0,0,0
glyco_Fluc_spike	27	T	3589,0,2,0,3587,0,0,0,0,2,0,0,0,0,0,0,0,0,0
glyco_Fluc_spike	28	A	3706,3701,1,0,3,0,0,1,2,0,0,0,0,0,0,0,0,0,0
glyco_Fluc_spike	29	G	3719,2,1,3714,2,0,0,0,0,0,0,0,0,0,0,0,0,0,0
glyco_Fluc_spike	30	A	3710,3706,1,2,0,0,0,1,1,2,0,0,0,0,0,0,0,0,0
glyco_Fluc_spike	31	G	3717,4,0,3710,3,0,0,0,0,0,0,0,0,0,0,0,0,0,0
glyco_Fluc_spike	32	G	3725,1,1,3722,1,0,0,0,0,1,0,0,0,0,0,0,0,0,0
glyco_Fluc_spike	33	A	3713,3710,0,1,1,0,0,1,0,0,0,0,0,0,0,0,0,0,0
glyco_Fluc_spike	34	T	3735,0,0,0,3734,0,0,1,2,0,0,0,0,0,0,0,0,0,0
glyco_Fluc_spike	35	G	3723,5,0,3716,2,0,0,0,0,0,0,0,0,0,0,0,0,0,0
glyco_Fluc_spike	36	G	3726,1,0,3722,3,0,0,0,1,2,0,0,0,0,0,0,0,0,0
glyco_Fluc_spike	37	A	3713,3711,0,1,0,0,0,1,0,0,0,0,0,0,0,0,0,0,0
glyco_Fluc_spike	38	A	3714,3711,1,0,1,0,0,1,2,3,0,0,0,0,0,0,0,0,0
glyco_Fluc_spike	39	C	3738,1,3735,0,2,0,0,0,0,1,0,0,0,0,0,0,0,0,0
glyco_Fluc_spike	40	C	3735,0,3732,0,3,0,0,0,0,0,0,0,0,0,0,0,0,0,0
glyco_Fluc_spike	41	G	3719,19,1,3698,1,0,0,0,0,0,0,0,0,0,0,0,0,0,0
glyco_Fluc_spike	42	C	3734,0,3733,0,1,0,0,0,0,0,0,0,0,0,0,0,0,0,0
glyco_Fluc_spike	43	T	3732,0,1,0,3731,0,0,0,0,1,0,0,0,0,0,0,0,0,0
glyco_Fluc_spike	44	G	3711,11,0,3699,1,0,0,0,0,0,0,0,0,0,0,0,0,0,0
glyco_Fluc_spike	45	G	3714,19,1,3691,3,0,0,0,0,0,0,0,0,0,0,0,0,0,0
glyco_Fluc_spike	46	C	3736,0,3735,0,1,0,0,0,0,0,0,0,0,0,0,0,0,0,0
glyco_Fluc_spike	47	T	3713,0,0,0,3713,0,0,0,0,0,0,0,0,0,0,0,0,0,0
glyco_Fluc_spike	48	G	3680,0,0,3680,0,0,0,0,0,0,0,0,0,0,0,0,0,0,0
glyco_Fluc_spike	49	G	3549,0,0,3549,0,0,0,0,0,0,0,0,0,0,0,0,0,0,0
glyco_Fluc_spike	50	T	257,0,0,0,257,0,0,0,0,0,0,0,0,0,0,0,0,0,0
glyco_Fluc_spike	51	T	232,0,0,0,232,0,0,0,0,0,0,0,0,0,0,0,0,0,0
