chr	pos	ref_base	depth,A,C,G,T,N,Skip,Gap,Insert,Delete,,a,c,g,t,n,skip,gap,insert,delete
Fluc_spike	1	G	1745262,0,0,1745262,0,0,0,0,0,0,0,0,0,0,0,0,0,0,0
Fluc_spike	2	G	1907037,0,0,1907037,0,0,0,0,0,0,0,0,0,0,0,0,0,0,0
Fluc_spike	3	G	1968778,0,0,1968778,0,0,0,0,0,0,0,0,0,0,0,0,0,0,0
Fluc_spike	4	A	2215729,2215461,197,66,5,0,0,0,0,0,0,0,0,0,0,0,0,0,0
Fluc_spike	5	A	2231078,2230000,459,535,84,0,0,0,108,3611,0,0,0,0,0,0,0,0,0
Fluc_spike	6	C	2250233,141,2249547,25,520,0,0,0,0,16,0,0,0,0,0,0,0,0,0
Fluc_spike	7	C	2251241,148,2250393,95,589,0,0,16,57,1226,0,0,0,0,0,0,0,0,0
Fluc_spike	8	A	2241585,2238621,1064,609,52,0,0,1239,37,615,0,0,0,0,0,0,0,0,0
Fluc_spike	9	G	2248606,1183,137,2245364,1273,0,0,649,1953,1046,0,0,0,0,0,0,0,0,0
Fluc_spike	10	C	2253913,365,2252506,93,938,0,0,11,4,45,0,0,0,0,0,0,0,0,0
Fluc_spike	11	C	2251365,338,2250234,86,687,0,0,20,227,3584,0,0,0,0,0,0,0,0,0
Fluc_spike	12	G	2249933,1044,603,2245210,428,0,0,2648,6,176,0,0,0,0,0,0,0,0,0
Fluc_spike	13	G	2250865,762,310,2246656,500,0,0,2637,360,568,0,0,0,0,0,0,0,0,0
Fluc_spike	14	C	2261252,340,2259041,142,1198,0,0,531,205,868,0,0,0,0,0,0,0,0,0
Fluc_spike	15	G	2257824,1409,452,2253718,1370,0,0,875,184,3092,0,0,0,0,0,0,0,0,0
Fluc_spike	16	C	2265269,371,2263815,115,863,0,0,105,4,103,0,0,0,0,0,0,0,0,0
Fluc_spike	17	C	2270599,240,2269099,99,970,0,0,191,178,863,0,0,0,0,0,0,0,0,0
Fluc_spike	18	A	2267349,2264966,465,584,332,0,0,1002,225,1132,0,0,0,0,0,0,0,0,0
Fluc_spike	19	T	2267641,91,791,21,2266604,0,0,134,9,74,0,0,0,0,0,0,0,0,0
Fluc_spike	20	T	2270189,99,1029,25,2268979,0,0,57,95,734,0,0,0,0,0,0,0,0,0
Fluc_spike	21	C	2272791,437,2270997,56,568,0,0,733,87,359,0,0,0,0,0,0,0,0,0
Fluc_spike	22	T	2271985,118,1012,46,2270469,0,0,340,206,80,0,0,0,0,0,0,0,0,0
Fluc_spike	23	A	2263545,2262203,521,559,182,0,0,80,102,36,0,0,0,0,0,0,0,0,0
Fluc_spike	24	T	2273365,136,728,6,2272461,0,0,34,9,116,0,0,0,0,0,0,0,0,0
Fluc_spike	25	C	2273337,192,2272641,54,444,0,0,6,0,217,0,0,0,0,0,0,0,0,0
Fluc_spike	26	C	2271757,495,2270810,85,363,0,0,4,2,43,0,0,0,0,0,0,0,0,0
Fluc_spike	27	T	2270804,124,1094,44,2269498,0,0,44,42,31,0,0,0,0,0,0,0,0,0
Fluc_spike	28	C	2253419,525,2252428,74,360,0,0,32,1,62,0,0,0,0,0,0,0,0,0
Fluc_spike	29	T	2269954,206,715,52,2268917,0,0,64,0,307,0,0,0,0,0,0,0,0,0
Fluc_spike	30	A	2261719,2260323,516,613,179,0,0,88,5,16,0,0,0,0,0,0,0,0,0
Fluc_spike	31	G	2264284,519,245,2262337,1165,0,0,18,65,38,0,0,0,0,0,0,0,0,0
Fluc_spike	32	A	2266321,2265385,144,695,58,0,0,39,7,150,0,0,0,0,0,0,0,0,0
Fluc_spike	33	G	2268390,495,58,2267157,638,0,0,42,2,15,0,0,0,0,0,0,0,0,0
Fluc_spike	34	G	2266843,731,40,2265589,431,0,0,52,21,19,0,0,0,0,0,0,0,0,0
Fluc_spike	35	A	2268956,2267967,199,632,129,0,0,29,4,14,0,0,0,0,0,0,0,0,0
Fluc_spike	36	T	2276262,186,704,101,2275253,0,0,18,6,73,0,0,0,0,0,0,0,0,0
Fluc_spike	37	G	2269357,2339,50,2266609,352,0,0,7,0,1,0,0,0,0,0,0,0,0,0
Fluc_spike	38	G	2269865,622,64,2268660,513,0,0,6,12,87,0,0,0,0,0,0,0,0,0
Fluc_spike	39	A	2269765,2268435,152,1078,97,0,0,3,0,1,0,0,0,0,0,0,0,0,0
Fluc_spike	40	A	2271390,2270504,145,663,78,0,0,0,199,120,0,0,0,0,0,0,0,0,0
Fluc_spike	41	C	2280487,322,2278631,53,1462,0,0,19,11,10,0,0,0,0,0,0,0,0,0
Fluc_spike	42	C	2280341,266,2278520,964,572,0,0,19,120,43,0,0,0,0,0,0,0,0,0
Fluc_spike	43	G	2265382,1087,91,2263604,541,0,0,59,0,15,0,0,0,0,0,0,0,0,0
Fluc_spike	44	C	2277687,223,2277188,36,206,0,0,34,0,22,0,0,0,0,0,0,0,0,0
Fluc_spike	45	T	2270012,151,1064,60,2268710,0,0,27,1,100,0,0,0,0,0,0,0,0,0
Fluc_spike	46	G	2263212,533,78,2262118,477,0,0,6,1,11,0,0,0,0,0,0,0,0,0
Fluc_spike	47	G	2264594,522,166,2262370,1530,0,0,6,2,28,0,0,0,0,0,0,0,0,0
Fluc_spike	48	A	2270673,2269549,88,828,177,0,0,31,0,2,0,0,0,0,0,0,0,0,0
Fluc_spike	49	G	2263051,401,159,2261283,1201,0,0,7,0,34,0,0,0,0,0,0,0,0,0
Fluc_spike	50	A	2268157,2266793,356,868,101,0,0,39,0,27,0,0,0,0,0,0,0,0,0
Fluc_spike	51	G	2262944,557,108,2261394,858,0,0,27,84,37,0,0,0,0,0,0,0,0,0
Fluc_spike	52	C	2280652,369,2279279,63,921,0,0,20,29,332,0,0,0,0,0,0,0,0,0
Fluc_spike	53	A	2276226,2275116,132,816,146,0,0,16,2,7,0,0,0,0,0,0,0,0,0
Fluc_spike	54	A	2272602,2271822,107,529,121,0,0,23,0,8,0,0,0,0,0,0,0,0,0
Fluc_spike	55	C	2281463,367,2280561,64,454,0,0,17,1,21,0,0,0,0,0,0,0,0,0
Fluc_spike	56	T	2277792,176,1006,103,2276485,0,0,22,0,21,0,0,0,0,0,0,0,0,0
Fluc_spike	57	G	2272523,1120,221,2270669,488,0,0,25,1,7,0,0,0,0,0,0,0,0,0
Fluc_spike	58	C	2284544,448,2283464,75,545,0,0,12,0,97,0,0,0,0,0,0,0,0,0
Fluc_spike	59	A	2277203,2276053,232,675,168,0,0,75,16,30,0,0,0,0,0,0,0,0,0
Fluc_spike	60	T	2282718,205,583,23,2281872,0,0,35,15,219,0,0,0,0,0,0,0,0,0
Fluc_spike	61	A	2279221,2278322,90,738,56,0,0,15,0,0,0,0,0,0,0,0,0,0,0
Fluc_spike	62	A	2284667,2283713,113,649,180,0,0,12,58,65,0,0,0,0,0,0,0,0,0
Fluc_spike	63	G	2286557,430,57,2285412,650,0,0,8,0,2,0,0,0,0,0,0,0,0,0
Fluc_spike	64	G	2283193,643,115,2281901,532,0,0,2,2,19,0,0,0,0,0,0,0,0,0
Fluc_spike	65	C	2293829,317,2292993,98,400,0,0,21,3,54,0,0,0,0,0,0,0,0,0
Fluc_spike	66	T	2287007,86,870,58,2285968,0,0,25,3,36,0,0,0,0,0,0,0,0,0
Fluc_spike	67	A	2281579,2280587,249,546,171,0,0,26,0,11,0,0,0,0,0,0,0,0,0
Fluc_spike	68	T	2290261,196,771,37,2289249,0,0,8,0,45,0,0,0,0,0,0,0,0,0
Fluc_spike	69	G	2283530,738,91,2282049,608,0,0,44,8,152,0,0,0,0,0,0,0,0,0
Fluc_spike	70	A	2288344,2287218,121,868,135,0,0,2,5,158,0,0,0,0,0,0,0,0,0
Fluc_spike	71	A	2287680,2286491,179,775,233,0,0,2,3,32,0,0,0,0,0,0,0,0,0
Fluc_spike	72	G	2284887,639,44,2283495,676,0,0,33,41,38,0,0,0,0,0,0,0,0,0
Fluc_spike	73	A	2284314,2283296,85,758,137,0,0,38,1,33,0,0,0,0,0,0,0,0,0
Fluc_spike	74	G	2286591,567,102,2285009,880,0,0,33,15,31,0,0,0,0,0,0,0,0,0
Fluc_spike	75	A	2275936,2274893,99,802,126,0,0,16,22,29,0,0,0,0,0,0,0,0,0
Fluc_spike	76	T	2290927,188,592,27,2290091,0,0,29,13,106,0,0,0,0,0,0,0,0,0
Fluc_spike	77	A	2283691,2282604,257,624,100,0,0,106,23,33,0,0,0,0,0,0,0,0,0
Fluc_spike	78	C	2285826,560,2284046,116,1030,0,0,74,6,90,0,0,0,0,0,0,0,0,0
Fluc_spike	79	G	2282027,767,419,2280198,553,0,0,90,12,210,0,0,0,0,0,0,0,0,0
Fluc_spike	80	C	2285587,283,2284901,53,350,0,0,0,0,0,0,0,0,0,0,0,0,0,0
Fluc_spike	81	C	2286494,383,2285468,47,596,0,0,0,0,0,0,0,0,0,0,0,0,0,0
Fluc_spike	82	C	2285071,755,2283759,113,444,0,0,0,4,40,0,0,0,0,0,0,0,0,0
Fluc_spike	83	T	2285471,115,690,101,2284525,0,0,40,2,66,0,0,0,0,0,0,0,0,0
Fluc_spike	84	G	2269807,226,13,2269494,74,0,0,0,0,0,0,0,0,0,0,0,0,0,0
Fluc_spike	85	G	2268526,92,22,2268374,38,0,0,0,0,0,0,0,0,0,0,0,0,0,0
Fluc_spike	86	T	2078660,16,45,3,2078596,0,0,0,0,0,0,0,0,0,0,0,0,0,0
Fluc_spike	87	T	357782,1,5,0,357776,0,0,0,0,2,0,0,0,0,0,0,0,0,0
Fluc_spike	88	C	171229,0,171229,0,0,0,0,0,0,0,0,0,0,0,0,0,0,0,0
Fluc_spike	89	C	101184,0,101184,0,0,0,0,0,0,0,0,0,0,0,0,0,0,0,0
glyco_Fluc_spike	1	G	143605,0,0,143605,0,0,0,0,0,0,0,0,0,0,0,0,0,0,0
glyco_Fluc_spike	2	A	188205,188205,0,0,0,0,0,0,0,0,0,0,0,0,0,0,0,0,0
glyco_Fluc_spike	3	A	192017,192017,0,0,0,0,0,0,0,0,0,0,0,0,0,0,0,0,0
glyco_Fluc_spike	4	C	196891,0,196884,1,6,0,0,0,10,0,0,0,0,0,0,0,0,0,0
glyco_Fluc_spike	5	G	221599,86,3,221352,158,0,0,0,8,183,0,0,0,0,0,0,0,0,0
glyco_Fluc_spike	6	A	230524,230202,88,36,12,0,0,186,23,163,0,0,0,0,0,0,0,0,0
glyco_Fluc_spike	7	G	236015,200,22,235587,43,0,0,163,19,74,0,0,0,0,0,0,0,0,0
glyco_Fluc_spike	8	C	237554,4,237251,6,288,0,0,5,0,17,0,0,0,0,0,0,0,0,0
glyco_Fluc_spike	9	C	264447,37,263966,18,417,0,0,9,64,276,0,0,0,0,0,0,0,0,0
glyco_Fluc_spike	10	G	269415,251,61,268909,177,0,0,17,8,66,0,0,0,0,0,0,0,0,0
glyco_Fluc_spike	11	G	270374,300,132,269881,47,0,0,14,15,227,0,0,0,0,0,0,0,0,0
glyco_Fluc_spike	12	C	272035,21,271527,21,253,0,0,213,399,327,0,0,0,0,0,0,0,0,0
glyco_Fluc_spike	13	G	272194,382,111,271152,224,0,0,325,159,573,0,0,0,0,0,0,0,0,0
glyco_Fluc_spike	14	C	273580,15,273114,29,405,0,0,17,7,35,0,0,0,0,0,0,0,0,0
glyco_Fluc_spike	15	C	278416,17,277955,23,387,0,0,34,16,201,0,0,0,0,0,0,0,0,0
glyco_Fluc_spike	16	A	281463,280832,15,106,289,0,0,221,55,332,0,0,0,0,0,0,0,0,0
glyco_Fluc_spike	17	T	282752,4,88,15,282593,0,0,52,0,26,0,0,0,0,0,0,0,0,0
glyco_Fluc_spike	18	T	283053,16,106,9,282908,0,0,14,8,21,0,0,0,0,0,0,0,0,0
glyco_Fluc_spike	19	C	284086,43,283946,11,65,0,0,21,15,150,0,0,0,0,0,0,0,0,0
glyco_Fluc_spike	20	T	284129,5,86,39,283876,0,0,123,23,65,0,0,0,0,0,0,0,0,0
glyco_Fluc_spike	21	A	283869,283553,40,60,149,0,0,67,12,75,0,0,0,0,0,0,0,0,0
glyco_Fluc_spike	22	T	285637,11,143,9,285415,0,0,59,14,78,0,0,0,0,0,0,0,0,0
glyco_Fluc_spike	23	C	285629,11,285424,8,171,0,0,15,4,3913,0,0,0,0,0,0,0,0,0
glyco_Fluc_spike	24	C	281977,20,281831,9,104,0,0,13,13,162,0,0,0,0,0,0,0,0,0
glyco_Fluc_spike	25	T	282045,4,263,4,281613,0,0,161,95,66,0,0,0,0,0,0,0,0,0
glyco_Fluc_spike	26	C	281629,27,281192,15,328,0,0,67,11,428,0,0,0,0,0,0,0,0,0
glyco_Fluc_spike	27	T	283064,16,127,9,282481,0,0,431,32,929,0,0,0,0,0,0,0,0,0
glyco_Fluc_spike	28	A	285404,284163,81,68,278,0,0,814,128,80,0,0,0,0,0,0,0,0,0
glyco_Fluc_spike	29	G	286539,175,150,285959,175,0,0,80,30,273,0,0,0,0,0,0,0,0,0
glyco_Fluc_spike	30	A	286332,285867,27,94,68,0,0,276,76,526,0,0,0,0,0,0,0,0,0
glyco_Fluc_spike	31	G	286174,506,50,285444,170,0,0,4,10,51,0,0,0,0,0,0,0,0,0
glyco_Fluc_spike	32	G	286193,157,34,285913,78,0,0,11,12,109,0,0,0,0,0,0,0,0,0
glyco_Fluc_spike	33	A	286089,285673,14,86,199,0,0,117,14,54,0,0,0,0,0,0,0,0,0
glyco_Fluc_spike	34	T	287479,31,115,161,287092,0,0,80,188,90,0,0,0,0,0,0,0,0,0
glyco_Fluc_spike	35	G	286445,758,67,285413,205,0,0,2,1,5,0,0,0,0,0,0,0,0,0
glyco_Fluc_spike	36	G	286534,237,24,286112,154,0,0,7,151,269,0,0,0,0,0,0,0,0,0
glyco_Fluc_spike	37	A	286303,286082,32,130,49,0,0,10,0,3,0,0,0,0,0,0,0,0,0
glyco_Fluc_spike	38	A	286499,286241,38,72,139,0,0,9,155,277,0,0,0,0,0,0,0,0,0
glyco_Fluc_spike	39	C	287710,24,287071,24,584,0,0,7,1,64,0,0,0,0,0,0,0,0,0
glyco_Fluc_spike	40	C	287410,38,286937,23,409,0,0,3,97,144,0,0,0,0,0,0,0,0,0
glyco_Fluc_spike	41	G	286619,1267,232,284903,75,0,0,142,11,29,0,0,0,0,0,0,0,0,0
glyco_Fluc_spike	42	C	287344,19,287177,2,117,0,0,29,23,87,0,0,0,0,0,0,0,0,0
glyco_Fluc_spike	43	T	287232,5,104,18,287015,0,0,90,76,55,0,0,0,0,0,0,0,0,0
glyco_Fluc_spike	44	G	286337,1172,58,285019,86,0,0,2,0,0,0,0,0,0,0,0,0,0,0
glyco_Fluc_spike	45	G	285907,1069,24,284763,49,0,0,2,4,7,0,0,0,0,0,0,0,0,0
glyco_Fluc_spike	46	C	287775,21,287683,7,57,0,0,7,2,0,0,0,0,0,0,0,0,0,0
glyco_Fluc_spike	47	T	286289,1,17,1,286270,0,0,0,0,0,0,0,0,0,0,0,0,0,0
glyco_Fluc_spike	48	G	282856,26,4,282817,9,0,0,0,0,0,0,0,0,0,0,0,0,0,0
glyco_Fluc_spike	49	G	270940,0,0,270939,1,0,0,0,0,0,0,0,0,0,0,0,0,0,0
glyco_Fluc_spike	50	T	20273,0,0,0,20273,0,0,0,0,0,0,0,0,0,0,0,0,0,0
glyco_Fluc_spike	51	T	18798,0,0,0,18798,0,0,0,0,0,0,0,0,0,0,0,0,0,0
